543.783
681.249
2344.71
4324.77
10112.4
31102.6
28594.7
35186.2
35100.1
8385.68
1373.43
1226.67
1395.29
1317.71
1478.07
1276.58
1368.3
2958.49
11966.3
3347.82
4580.82
3749.52
8209.87
692.144
2011.17
10166.3
39650.8
30008.6
15784.7
1408.93
1396.31
1486.78
1430.62
1484.55
1380.77
1425.26
1460.02
1428.35
1403.44
5713.58
12417.7
639.824
33694.9
574.484
35381.6
610.275
33331.2
533.359
35135.1
524.037
32907.7
597.937
32717.8
571.426
32883
544.284
34896.2
31125.3
34034.8
32761.2
31256
31099.2
31414.3
33194
33562.9
579.905
569.823
513.513
507.148
559.759
545.547
586.44
26024.4
514.094
610.266
603.811
509.253
513.793
539.302
546.198
25211.9
562.857
515.658
514.475
518.985
522.764
618.084
600.844
24771.2
523.085
515.136
593.637
570.905
509.915
545.065
571.807
24936.2
551.68
558.988
520.95
701.095
552.392
576.608
500.894
24856.8
615.418
589.949
547.151
526.904
605.184
595.562
622.814
26021.8
518.705
511.769
515.327
627.616
587.002
588.215
516.82
25279.5
532.116
526.833
573.03
549.686
515.969
590.3
570.143
25762.8
510.356
581.56
539.132
601.044
552.172
616.86
600.604
26868.1
587.263
523.426
598.74
546.489
605.976
535.333
569.071
27748.2
587.032
588.325
547.451
542.219
602.337
1143.71
678.152
29941.5
584.616
577.831
593.547
515.076
527.404
550.197
498.017
26555.5
525.922
538.841
506.617
526.804
531.835
620.72
498.208
25392.3
599.2
524.869
574.323
529.249
586.24
582.322
579.314
26183
504.782
595.782
577.751
566.424
506.627
537.718
572.048
28254.9
520.388
523.666
601.696
566.024
583.614
584.035
535.694
26447.2
583.504
597.306
562.917
574.343
513.062
522.494
593.567
26116.6
567.207
558.797
555.099
581.439
542.47
520.259
571.246
26912.6
558.286
544.845
571.978
557.364
519.627
590.911
522.844
25108.2
522.814
545.497
608.561
554.257
571.336
583.724
559.65
25006.3
523.857
478.943
503.179
501.796
543.312
565.843
515.007
24848
566.956
582.06
597.276
567.026
646.559
602.878
553.576
25256.5
512.119
509.805
505.615
554.247
581.93
517.662
598.138
27070.1
543.081
543.352
511.408
535.714
535.614
501.365
483.503
26815.7
561.553
475.205
497.716
552.222
563.498
539.984
576.338
25276.7
482.171
502.176
566.435
551.01
569.713
546.669
565.974
25202.4
569.972
493.196
499.02
504.472
514.706
566.344
578.683
25825.6
590.42
550.327
553.384
581.911
484.425
551.019
534.221
25797.5
529.329
557.494
529.78
531.103
473.461
469.13
583.394
25570.1
482.611
482.161
545.647
531.103
583.524
560.902
492.475
27430.9
507.82
555.259
476.648
495.02
501.094
472.177
558.747
25504.1
486.35
474.703
535.774
565.553
504.923
497.647
526.282
25426.1
481.96
502.478
513.152
533.258
583.895
571.727
560.612
25833.4
481.99
574.303
469.261
511.368
582.572
495.371
577.791
25788.1
534.431
588.796
487.533
524.749
590.531
511.568
485.919
25674.2
580.557
470.254
478.742
614.114
515.187
510.256
499.881
25063.4
573.08
586.491
594.399
548.222
615.698
604.894
589.598
25219.1
558.607
501.805
553.876
612.591
558.226
556.432
505.855
25203.6
525.961
655.129
578.252
505.164
485.679
509.984
510.125
25152.6
525.471
488.324
623.496
542.96
483.123
519.416
494.439
25440.7
599.11
635.123
613.272
559.92
532.676
549.145
512.119
25813.3
572.749
536.065
549.435
542.87
506.437
603.72
534.07
26590.8
528.126
493.086
544.824
647.481
1662.03
618.936
607.981
26723.9
645.507
510.657
520.84
629.359
537.859
558.867
552.914
26611.4
596.654
585.108
512.341
544.394
545.666
579.305
630.172
28984.3
524.518
548.874
527.144
553.475
516.881
605.535
617.061
26409.6
511.919
657.916
656.633
628.097
625.521
686.021
578.202
25808.3
612.35
625.471
646.209
619.446
543.211
655.089
556.783
25916.5
621.281
601.536
626.683
578.843
543.502
540.194
521.802
26754.5
515.257
642.851
644.193
518.545
533.208
533.59
527.876
25842.9
538.41
538.059
517.252
653.395
648.935
618.725
659.799
25619.2
612.27
641.768
612.881
632.025
614.937
528.849
618.104
24221.5
613.473
577.631
611.468
611.378
543.942
626.914
647.671
19924.4
642.129
630.432
599.661
611.077
612.581
578.743
562.415
19920.5
624.037
605.014
659.92
638.33
618.465
660.08
632.707
18720
555.038
603.409
611.358
479.224
509.895
512.42
544.946
19861.8
538.491
545.115
523.686
512.38
583.333
533.519
625.981
20420.5
507.67
518.154
585.97
589.308
520.76
538.982
627.675
20888.7
594.74
640.465
661.684
644.244
628.718
607.99
576.608
20295.2
619.838
589.699
529.029
531.544
561.283
533.78
610.787
18490.9
584.787
643.483
619.888
625.972
583.665
539.503
654.568
1438.95
1429.77
1394.65
1415.91
1467.77
1513.7
1468.11
1436.62
1425.69
1413.37
1446.24
1443.01
1495.64
1473.74
1582.15
1473.16
1477.68
1465.32
1367.87
1419.63
1322.19
1572.39
1341.56
1328.54
1339.42
1358.17
1330.01
1341.66
1400.57
1286.99
1346.98
1316.93
1288.49
1263.63
1299.09
1295.32
1362.71
1273.14
1289.15
1326.29
1304.81
1311.69
1311.15
1420.49
1311.45
1338.23
1367.16
1348.42
1385.82
1448.95
1435.42
1341.5
1307.47
1260.15
1284.71
1251.29
4109.95
1041.19
1174.58
1099.35
5888.1
631.645
31330.4
28048.8
632.046
23186.9
1369.52
1310.77
1345.98
1354.58
1344.57
1282.15
1289.94
1300.62
1330.8
1322.16
1265.84
1356.43
1235.5
1318.36
1247.94
1264.11
1342.05
4589.86
11907.4
579.866
36812.2
631.705
32959.9
557.173
33059.6
512.882
32848.4
507.098
32400.5
590.901
33868.2
603.029
34077.4
509.975
33257.1
568.189
33156.1
543.933
34671.7
31583
33286.7
32644.6
31403.8
499.941
33174.3
518.825
25438.8
623.276
578.953
582.231
591.152
484.847
501.455
476.658
25303.1
485.027
519.156
503.089
522.704
582.793
579.655
539.182
25214.9
595.773
581.219
572.448
525.49
519.286
507.749
480.857
25380.5
520.058
515.728
492.314
497.205
564.751
579.865
623.406
954.008
785.9
970.044
814.185
669.542
4143.69
11290
516.64
33403.4
591.091
31714.9
619.497
30925.9
577.54
30327.1
604.352
30361.2
494.629
1247.67
1301.39
1241.99
1166.47
1270.2
1233.77
1271.44
1257.15
1252.3
1238.8
1223.6
1231.48
1209.76
1219.96
1225.34
1256.7
1254.89
1379.41
1345.1
1256.69
1414.71
1228.98
1396.11
1314.14
1395.38
1280.76
1429.21
1236.77
1330.04
1358.61
1301.64
1289.26
1264.58
1207.39
1225.76
750.649
788.506
1108.76
1018.04
9195.71
529.079
716.831
1069.42
789.117
4307.53
1962.09
749.587
2696.53
1902.64
1834.01
1765.16
1748.32
1883.03
1737.92
1857.08
1936.86
1830.9
1829.61
1742.28
1885.62
1775.68
1767.56
1768.52
1727.27
1864.7
1760.18
1692.9
1826.52
1751.49
1799.88
1793.15
1837.68
2108.46
1885.55
1797.89
10055.6
2443.19
13192.9
2020.39
8813.12
1890.09
3663.34
1844.81
1754.98
1924.11
1957.84
4709.45
1802.73
1835.7
1853.03
1924.36
2013.22
1980.19
2652.84
1931.47
1765.75
1872.84
43280.1
6443.13
4001.68
2924.07
4438.83
1849.18
4603.91
4495.66
628.197
29751.8
32752.1
24897.8
1257.18
1343.56
1251.15
1242.17
1362.44
1308.98
1297.75
1306.86
1271.79
1368.19
1282.69
9347.09
865.493
9672.12
26212.8
27558.8
25545.8
25855.2
25207.6
25940.8
26109.1
26485.4
25807.9
26068.1
25793
25554.5
25576.1
26345.2
26909.9
26720.4
25745.4
26526.2
26607.2
26569.4
26293.1
612
520.449
604.071
607.73
27049.9
741.999
522.614
518.825
606.858
622.614
511.579
529.319
27385.1
655.5
686.131
581.249
540.806
617.122
619.697
27624.1
522.563
607.69
606.928
513.372
583.554
610.085
527.135
28304
630.222
744.915
599.682
613.232
608.843
611.619
522.954
28100.7
732.607
647.331
771.437
632.857
593.858
526.152
952.604
29136.1
603.65
1033.98
723.707
625.481
715.308
731.064
501.756
27935.1
571.867
804.403
862.015
517.221
695.402
673.1
510.766
27852.4
512.13
550.127
526.763
644.865
656.392
723.346
644.244
28060
665.974
662.797
530.001
531.013
607.129
691.904
582.402
27470.2
718.665
739.243
657.314
575.857
599.351
621.742
602.207
27012.6
547.01
540.916
666.535
641.668
615.388
507.359
808.643
26367.8
612.852
3547.99
1781.51
832.838
15231.7
2794.95
4745.67
12769.9
662.626
31976.2
558.707
33553.7
584.336
32539
611.929
32438.3
557.575
32534.9
525.821
31803.4
560.902
1392.93
1266.36
1272.56
1271.18
1286.76
1210.88
1251.77
1218.49
1276
1260.7
1275.49
1367.19
1278.84
1219.73
1242.75
1309.33
1251.91
1250.21
1292.4
1266.58
1335.26
1253.99
1262.47
1254.6
1280.7
1330.03
1257.59
1296.52
1243.2
1272.61
1263.79
1212.72
1247.35
1275.79
1266.26
1241.21
1272.24
1275.32
1263.85
1249.48
1244.73
1256.87
1239.67
1226.85
1219.59
1698.06
4691.53
1087.55
4393.07
13135.5
536.957
32933.7
616.691
30920.7
543.091
33068.9
607.039
33298.9
485.398
30464.7
484.807
30621.5
588.185
33960.7
491.863
32885.5
542.891
31700.7
598.739
31646.9
551.982
32588.3
500.483
32082.6
602.007
31633.1
485.559
31453.5
499.731
32546.5
558.978
26224.8
501.686
586.501
593.587
560.321
572.679
589.839
485.839
26061.2
577.861
495.331
481.67
488.285
481.72
590.971
27293.5
588.105
497.505
515.407
555.78
589.849
503.049
27712.7
514.444
614.886
583.033
584.647
482.261
481.499
4497.4
9067.96
600.523
31201.4
582.191
32123.3
495.913
32371.9
496.563
30996.1
590.37
30820
488.215
31487.4
585.73
31643.6
509.173
31765.4
584.938
32325
590.42
33189.6
592.605
31850.1
579.154
32911.7
573.491
33620.7
550.047
32166.7
537.037
32383.6
535.734
33295.3
586.741
505.425
514.094
506.817
501.585
608.592
500.202
26113.7
582.933
590.851
593.798
585.018
493.236
484.406
498.809
26171.2
585.028
527.666
619.547
620.981
602.808
588.225
26880.3
516.189
581.81
588.666
587.443
490.449
488.675
4549.88
62640.7
7573.12
6676.11
6020.94
5263.9
4529.54
3814.95
3195.51
2525.07
1790.9
4545.52
11292.8
536.406
38141.6
595.351
35772.1
582.391
35370.3
580.387
34777.1
488.205
11603
1243.68
1210.96
1234.75
1237.83
1179.09
1217.34
1237.3
1218.5
1226.45
1222.67
1178.45
1245.86
1247.89
1275.18
1236.96
1211.79
1222.11
1223.46
1251.09
1221.65
1314.77
1259.68
1294.96
1240.79
1205.29
1212.7
1252.65
1240.04
1295.18
1217.24
1228.55
1229.74
1219.18
1217.88
4322.97
586.02
24276.3
25189.1
24480.6
24776.4
25804.7
26242.4
24418.4
24599.2
24383.3
25050.7
24541.8
24652.4
24388.5
24579.4
24719.3
25551
16594.7
1233.83
1226.95
1243.56
1229.12
1186.24
1268.4
1357.33
1296.47
1270.15
1272.77
1259.86
1357.71
1287.92
1323.56
1244.19
1316.68
1310.93
1230.86
1243.75
1249.37
1202.5
1211.98
1294.9
1237.54
1241.25
1244.77
1285.93
1219.52
1189.82
1228.14
1249.76
1294.14
1295.38
1232.85
1218.9
1335.95
1270
1261.46
1335.19
1376.24
1336.79
1289.94
1241.27
1223.9
1270.1
1349.65
1289.66
1223.99
1219.21
1246.01
1287.29
1262.14
1320.8
1272.36
1359.98
1233.82
1276.86
1225.31
1252.77
1262.75
1250.56
1280.49
1332.34
1219.69
1231.68
1239.46
1263.8
1229.97
1244.59
1241.25
1262.46
1198.34
1228.61
1206.06
1224.05
1211.74
1208.63
1226.37
1260.07
1198.41
1210.52
1299.31
1252.22
1203.96
1198.38
1220.9
1246.67
1240.3
1309
1278.72
1242.98
1270.48
1239.62
1245.82
1220.73
1218.86
1231.74
1227.46
783.355
1963.83
644.244
5210.88
1304.04
826.744
4537.64
9718.52
24755.7
26131.8
26234.8
26436.2
25056
13467.5
1316.42
1200.98
1245.32
1261.8
1215.3
1190.73
1211
1247.7
1209.54
1215.22
1210.09
1171.08
1223.47
1214.39
1260.23
1206.59
1212.64
1218.99
1204.21
1212.33
1197.63
1236.74
1230.93
1230.59
1188.58
1260.65
1236.64
1213.91
1200.48
1187.37
1151.3
4409.71
627.034
28194.5
34599.7
31501
31475.7
31377.1
32269.4
605.164
32919.6
596.023
32088
624.488
31652.7
508.641
32386.1
483.183
31985.8
587.985
32140.5
604.542
33137.6
505.033
33947.6
528.588
33013.3
496.864
33348.6
592.755
492.404
560.591
597.507
493.407
589.839
550.588
27274.4
564.45
576.598
493.326
568.259
642.51
636.466
761.634
30695.8
570.364
497.466
588.726
538.34
608.291
482.943
580.186
28738.6
524.067
488.866
581.069
492.284
557.795
479.434
584.857
4470.71
11545.9
558.627
31314.5
616.42
36210.2
484.225
37658.6
612.942
34726.5
651.982
35217
525.551
41649.1
37262.3
512.911
35232.6
515.698
35549.9
574.604
34481.6
600.553
38553.9
602.728
35956
592.605
39491.8
495.852
38738.9
589.197
39563.1
31663.1
491.472
495.281
493.958
545.998
528.106
595.321
604.232
32979.4
597.576
586.33
609.043
649.406
485.96
648.223
520.649
27031.8
496.203
598.007
487.834
500.904
589.588
532.496
569.402
27157.5
582.081
512.08
495.862
555.089
549.245
505.455
482.171
25310.3
595.271
545.025
504.322
495.772
521.2
507.67
506.837
25970.2
586.661
578.943
640.125
582.993
599.251
597.948
572.228
28606.9
613.864
505.194
526.002
532.847
534.12
548.533
564.21
27910.5
602.378
528.207
581.048
614.636
612.892
599.541
583.945
26212.5
502.167
491.522
545.516
635.624
593.227
600.032
618.484
26192.6
640.125
584.075
618.946
588.145
602.388
604.052
665.463
26101.3
603.23
600.573
615.638
625.431
547.07
589.759
607.61
26356.4
500.583
514.424
566.475
610.316
608.942
636.236
524.177
27977.9
605.104
563.358
542.299
518.645
611.358
623.165
594.95
27432.9
514.044
493.958
548.594
554.748
485.729
561.533
488.134
26681
602.177
586.742
550.007
543.04
508.552
512.841
1078.95
26925.9
648.444
605.475
648.304
606.968
638.371
605.735
632.577
28325.2
549.065
508.12
485.197
512.38
2375.19
516.28
525.531
26436.1
520.599
1441.67
520.729
592.285
698.84
655.219
485.017
25713.4
555.059
529.31
504.593
664.029
592.585
607.619
639.152
26191.5
530.823
504.632
664.721
548.022
538.581
498.117
663.849
26211.7
654.758
515.637
528.567
532.005
618.043
694.119
721.763
26579
638.541
675.556
501.244
503.851
514.114
508.361
636.265
27600.9
553.705
884.618
652.443
653.375
639.423
603.881
546.258
26370.1
536.826
597.757
572.158
581.038
598.028
601.124
661.213
26087.7
538.6
575.325
621.612
591.272
607.218
619.317
673.391
25774.3
619.297
646.91
595.642
596.724
488.165
610.927
619.507
25805
580.417
499.952
509.152
577.911
504.943
515.387
538.911
25652.5
517.533
509.584
509.814
515.978
549.686
512
536.646
25756.5
508.692
526.963
571.897
605.094
565.994
530.562
517.382
28106.4
523.175
616.57
629.059
612.371
495.722
678.072
679.756
28222.8
608.712
619.537
504.192
578.593
514.896
580.999
521.822
30090.4
515.427
616.711
603.39
612.31
588.856
517.522
538.34
30163
637.047
599.201
507.59
610.206
513.763
673.351
592.254
1387.96
1317.88
1438.06
1342.99
1473.33
1362.65
1390.62
1292.96
1297.65
1323.98
1306.48
1344.24
1340.46
1364.69
1329.99
1302.53
1385.49
1269.11
1313.12
1312.99
1347.21
1356.22
1309.38
1453.6
1285.87
1297.18
1295.18
1288.2
1333.37
1281.38
1322.29
1421.77
1278.4
1277.11
1291.01
1268.4
1283.45
1319.9
1417.03
1349.12
1364.64
1304.59
1279.32
1272.05
1285.76
1317.04
1420.67
1372.23
1338.47
1369.22
1325.98
1272.98
1298.02
1290.82
1455.32
1327.67
1295.56
1262.34
1322.96
1283.58
1256.15
1359
1486.45
1278.52
1273.57
1287.42
1293.37
1255.9
1273.96
1299.24
1376.4
1320.21
1274.97
1269.79
1280
1266.32
1331.46
1269.29
1366.16
1511.02
1267.18
1426.08
1290.49
1504.03
1401.32
1428.97
1381.65
1398.08
1329.22
1377.48
1333.55
1439.86
1306.66
1438.29
1467.56
1580.47
1338.55
1467.9
1369.63
1390.86
1364.38
1438.56
1492.27
1434.57
1457.24
1571.24
1419.53
1372.46
1455.2
1496.84
1476.81
1328.3
1381.18
1396.42
1441.24
1373.24
1314.85
1352.77
1412.26
1507.65
4534.05
12031.5
607.169
36864.8
536.296
33457.3
616.42
35610
632.577
32433.8
521.542
31629.1
537.529
30598.5
615.969
34348.6
582.773
30516.3
487.022
31409.2
509.073
31414.6
617.733
32104.5
579.585
31252.7
598.979
32052.7
520.9
32358.7
519.216
33358.6
605.946
26507.3
607.559
550.719
563.177
556.331
593.136
504.803
529.309
26863.3
605.765
506.025
632.376
510.857
550.217
519.186
567.998
27294.9
552.923
583.303
497.245
611.548
498.839
578.192
601.986
26762.2
495.321
581.91
595.462
569.953
632.367
581.46
498.097
26221.6
595.682
581.099
520.969
535.343
556.462
582.753
492.253
27150.3
577.59
496.774
518.594
513.423
498.89
585.218
501.455
25697.2
601.796
656.542
575.235
524.498
549.125
594.619
690.411
26666.9
611.429
578.322
528.397
593.788
546.329
604.603
589.708
35547
652.333
619.377
500.974
508.551
587.984
580.006
644.876
27633.8
539.272
553.355
583.895
566.475
571.807
536.807
565.603
37536.9
546.248
563.348
631.845
658.828
504.472
514.605
585.138
43543.1
615.357
605.505
3525.72
566.294
497.786
493.928
27113.6
822.114
514.856
670.474
757.946
703.29
603.891
565.653
28281.9
623.857
586.16
580.247
608.251
541.918
514.445
561.874
27306
643.943
646.86
564.931
521.682
624.919
553.806
597.707
27997.2
505.895
521.11
588.406
661.835
480.748
536.155
624.489
29074.8
519.045
678.723
558.897
540.555
561.202
611.439
614.024
27201.4
561.954
662.846
645.768
701.997
492.785
535.984
637.648
26048.5
521.121
521.631
702.628
803.731
521.872
655.3
536.375
26021
525.871
519.326
538.079
543.582
634.572
644.475
634.341
26029.3
637.368
657.314
650.508
615.868
675.456
589.348
629.279
25779.5
634.07
609.484
622.715
634.982
642.54
606.637
616.42
25512.5
620.369
609.393
622.423
612.581
606.938
542.429
625.851
25473.4
615.127
555.69
528.939
552.513
525.029
503.209
649.075
25354.8
635.634
544.654
539.082
523.095
662.696
641.126
527.555
25268.3
619.147
527.665
564.73
638.821
645.085
540.094
680.547
25562.3
546.158
616.269
500.162
598.268
540.966
546.138
619.657
25461.4
509.063
591.292
518.253
514.254
588.114
545.045
517.061
26755.9
597.497
523.095
623.065
597.376
508.581
517.813
614.295
27268.7
660.402
530.632
610.706
553.736
611.659
513.102
612.982
25260.7
474.814
562.255
560.05
637.388
638.32
637.468
597.105
25456.3
655.058
601.837
616.531
642.42
702.328
638.129
499.521
25157.6
526.813
519.727
608.903
627.866
518.334
616.008
618.755
25163.6
557.715
519.045
558.125
621.251
611.759
594.951
529.46
25202.9
501.144
551.711
570.413
520.519
545.998
554.127
512.38
25050.9
617.923
613.553
538.28
656.402
606.788
650.037
491.933
25348.1
614.606
584.466
563.448
558.467
541.237
586.161
607.449
25541.6
509.774
497.115
498.879
616.57
586.681
552.553
504.522
25312.6
596.604
489.828
513.914
614.736
647.091
560.06
630.732
24849.2
543.292
629.931
591.382
514.064
663.017
1131.86
604.342
26380.7
589.949
569.833
593.436
484.867
605.755
514.575
517.242
25284.2
578.513
571.687
489.948
587.965
525.019
496.454
514.686
25004.9
560.952
508.331
596.313
529.78
510.907
513.974
631.715
24943.5
625.631
586.932
614.996
569.171
594.971
511.879
514.275
25028
559.077
656.382
500.623
538.811
598.148
553.395
502.137
25272.1
530.692
488.135
521.09
549.375
525.681
649.276
601.436
25022.1
602.728
633.569
613.633
527.776
552.031
518.715
505.776
25134.8
576.629
510.616
597.296
655.32
562.506
616.62
652.583
25814.9
547.551
532.266
541.256
703.711
619.005
651.841
642.379
26255.9
539.783
720.279
591.583
539.963
531.615
535.955
631.936
26451.2
690.991
624.769
634.241
569.633
648.082
545.797
522.503
26365.6
573.922
512.992
523.606
532.987
542.369
521.862
578.923
24785.5
590.701
634.542
646.088
537.828
600.743
495.441
671.437
11713.7
607.038
616.25
608.792
648.984
625.561
651
687.724
12997.5
641.628
670.003
632.808
620.249
711.429
620.549
648.865
11517.6
527.274
525.971
660.421
614.426
547.01
513.051
544.745
11579.7
535.162
536.657
530.562
558.086
642.801
569.642
548.513
13160.4
546.188
666.205
534.762
549.776
518.985
664.751
560.23
14502.7
574.513
662.396
628.728
956.673
586.17
582.863
601.495
11381.1
522.634
604.072
519.537
593.617
981.762
516.48
649.035
13665.9
656.883
608.511
568.971
553.826
618.415
657.986
720.57
11811.9
523.677
515.818
533.368
525.18
630.202
692.795
782.993
11666.9
507.128
565.403
784.046
711.098
653.385
749.596
673.882
15311.8
856.072
570.764
613.644
523.355
516.099
503.489
606.096
13101
603.179
508.932
522.804
624.098
604.212
573.05
587.623
12015.9
655.821
568.75
678.112
580.657
592.325
475.535
492.816
13166
592.826
604.172
574.072
623.767
629.079
558.086
504.662
11190.8
505.224
588.456
549.315
619.537
608.893
522.604
6342.26
4652.01
11212.7
600.062
34397
622.204
1408.21
1314.8
1318.87
1264.69
1304.24
1273.26
1306.91
1259.18
1300.77
1529.95
18058.8
18061.8
35566.2
5868.26
23878.8
15327.3
59170.4
15246.6
54480.5
5798.47
38629.7
30862.7
525.51
31490.8
503.119
32504.2
524.779
31293.3
618.615
32223.1
520.028
31715.2
541.137
32094
508.662
32318.1
529.089
586.01
573.531
513.532
514.595
676.037
604.854
26214.8
623.225
596.494
594.048
621.992
602.448
673.321
627.726
26790.9
658.376
559.278
536.686
574.302
524.638
514.045
589.066
26684.2
618.214
505.184
623.155
634.02
545.336
600.163
590.21
26075.7
562.215
596.975
631.986
558.206
527.765
612.16
624.999
25766.3
635.604
682.031
540.264
495.933
489.809
604.242
603.36
26390.7
565.122
601.555
582.622
855.551
774.284
598.709
592.194
25343.8
515.077
510.256
609.905
612.45
603.921
484.987
575.436
25711.5
540.425
585.799
624.338
577.771
635.594
617.703
622.012
26857.1
517.743
509.744
511.95
535.223
512.18
493.988
581.459
25662.7
518.013
633.128
567.346
544.764
618.134
582.953
521.953
25374.5
610.666
605.555
627.355
625.861
614.946
633.83
558.046
25034.2
530.572
563.798
621.972
609.584
617.994
664.47
597.366
25109.7
587.874
595.773
508.992
605.074
635.824
575.275
664.52
25151.3
669.822
605.385
575.225
651.341
620.931
508.301
526.984
25803.1
559.067
635.935
518.926
574.934
669.913
641.367
622.955
26609.7
539.282
514.435
520.429
587.042
654.407
569.091
661.774
26134
629.319
618.925
491.291
530.903
496.804
617.242
587.483
28450.1
528.707
643.382
603.119
654.017
635.303
613.633
594.98
27342.7
593.858
648.574
639.733
687.313
687.303
533.499
543.883
27528.1
516.39
614.796
637.077
638.641
693.187
589.056
660.722
28231.5
558.045
591.663
660.972
645.276
600.383
629.51
534.481
25793.8
529.44
559.659
535.785
612.301
672.238
644.465
620.649
27120.6
655.971
629.7
635.895
507.609
605.385
740.115
639.603
27524.6
540.084
517.411
598.959
628.739
570.765
579.836
552.393
26540.3
592.816
638.149
571.917
541.357
518.033
529.239
636.446
26554.2
639.132
621.261
642.64
549.135
880.197
634.431
505.655
25483.6
627.515
630.913
546.057
527.294
576.608
613.273
549.937
25735.4
650.488
653.055
570.173
529.189
622.153
680.046
516.259
25481.7
595.813
661.915
629.139
603.359
673.301
631.274
664.55
25939
611.889
620.9
658.738
680.618
627.375
654.167
647.792
26099.9
648.293
638.351
617.242
673.17
538.36
545.517
541.087
26418.8
525.841
545.266
574.994
602.517
497.516
629.4
494.269
25884.8
603.922
614.295
573.32
645.667
683.885
510.135
667.498
26670.6
634.983
644.675
663.388
543.512
522.895
531.474
531.043
25857.3
513.342
566.925
622.975
610.045
655.259
613.433
625.12
25941.8
506.086
518.655
527.565
553.184
512.39
531.254
635.685
11255.5
548.925
591.162
1566.98
1366.26
1355.6
1346.01
1406.23
1311.73
1293.12
1283
1328.66
1257.02
1321.27
1347.98
1467.1
1336.14
1333.21
1381.9
1310.7
1287.12
1299.47
1402.95
1311.08
1310.05
1283.85
1286.29
1301.34
1277.48
1223.47
1320.16
1285.09
1326.21
1293.42
1341
1365.49
1321.51
1323.46
1325.28
1294.55
1302.75
1336.98
1394.39
1274.42
1271.08
1334.56
1330.62
1358.87
1298.89
1302.31
1322.84
1276.39
1250.24
1367.63
1368.54
1346.78
1317.59
1294.52
1286.32
1569.17
1288.2
1249.21
1330.39
1279.42
1288.56
1350.71
1269.9
1222.91
1307.48
1381.19
1283.73
1231.28
1226.1
1237.44
1360.55
1211.63
1283.06
1306.88
1321.19
1264.92
1272.07
1279.93
1262.88
1323.76
1313.92
1261.64
1232.87
1366.18
1248.08
1244.06
1262.68
1268.38
1362.12
1369.43
1301.47
1248.92
1221.46
1265.9
1260.7
1256.04
1283.6
1285.77
1313.33
1364.44
1230.92
1272.49
1379.53
1240.35
1249.48
1256.2
1270.14
1303.59
1275.82
1329.94
1288.7
1309.2
1336.7
1310.63
1326.11
1312.44
1327.31
1321.55
1319.48
18296.4
13001.8
74429.2
1914.09
13499.7
20716.7
22918
2590.32
18473.9
35022.4
2779.42
14668.9
12239.7
18120.5
60608.6
27495.2
27426.1
27180.5
26375.6
26728.9
27847.4
27508.4
582.191
26510.9
27842.5
27037.3
25077.6
1367.91
1269.88
1332.16
1339.06
1265.06
1250.69
1267.72
1251.32
1246.05
1288.79
1242.64
1271.7
1312.82
1408.77
1349.42
1317.82
1249.5
1261.66
1273.81
1238.94
1269.03
1271.55
1306.24
1275.61
1288.06
1228.2
1269.84
1292.37
1262.16
1236.26
1255.55
1363.9
1285.17
1269.01
1271.97
1370.84
1245.37
1209.86
1268.01
1261.87
1348.57
1280.26
1257.39
1293.41
1292.02
1229.02
1303.62
1278.01
1243.36
1236.75
1261.11
1332.66
1287.7
1272.74
1330.25
1321.9
1289.24
1387.81
1205.29
1279.68
1277.66
1301.16
1411.92
1239.94
1236.94
1246.18
1245.36
1244.52
1275.61
466.966
18285.5
10352.6
1026.62
23945.4
18524.1
789.298
31705.1
686.531
1762.47
1557.05
1381.48
1370.96
1387.17
1348.45
1348.26
23847.5
10850.1
22677
532.346
24662.7
1277.95
1327.76
558.336
5668.01
1242.86
1315.03
1315.72
1266.05
1239.37
1285.24
1556.42
1320.26
1618.14
1323.34
1336.58
24881.5
87853.4
7099.26
3101.2
1851.74
21698.4
17844.7
60127.9
39668.4
33502.3
588.265
34265.6
588.305
37059.1
637.609
35427.3
6458.73
1399.95
1327.27
1435.61
1382.38
1444.69
1403.5
1459.18
1428.67
1363.14
1433.79
1362.02
1420.74
1500.07
1354.43
1375.54
1346.8
1320.53
1342.95
1316.34
1386.81
1460.7
1449.41
1319.65
1355.7
1303.47
1567.43
1415.53
1348.45
1438.2
1341.48
1353.2
1360.26
1354.38
1330.25
1388.47
1385.12
1413.44
1454.58
1329.35
20045.2
14678.1
28199
565.272
38633.8
652.173
36029.2
538.681
36395.1
641.808
35178.1
569.1
35985.1
696.104
35797.3
678.873
36471.5
551.48
34157.1
607.089
35472.3
550.528
35082.5
670.123
34440.8
707.821
34660.1
649.095
35298.7
556.401
34805.8
606.046
33275.3
668.44
28750.9
641.397
639.343
639.553
639.543
546.439
576.047
667.387
29815.8
565.994
663.618
574.343
648.915
558.857
598.418
651.441
29418.6
559.057
549.696
640.205
632.908
613.533
629.41
632.096
26856
666.836
543.522
559.83
652.613
541.427
638.421
543.262
26622
579.214
565.072
643.341
622.564
637.719
652.343
659.589
27022.5
537.328
663.689
531.785
634.07
675.807
630.663
528.016
26617.2
627.305
536.937
531.885
603.941
638.551
555.359
544.565
26736.6
652.132
544.635
667.939
670.324
633.95
565.733
528.617
26919.8
615.638
543.673
525.611
617.392
624.698
530.713
613.283
26652.1
537.999
644.875
627.365
577.32
559.028
635.634
680.287
26462.4
626.102
547.391
639.523
627.565
799.873
552.552
644.624
26927.3
640.856
563.939
551.591
682.793
526.803
600.523
624.488
26716.2
634.271
546.329
649.265
544.895
614.957
652.513
647.161
26654.2
622.755
652.082
547.281
666.775
637.027
678.273
632.657
27663.4
639.724
525.871
538.3
677.551
535.414
532.256
632.496
29018.6
648.143
618.295
676.629
645.697
679.285
631.244
642.139
28537.1
517.282
523.726
614.365
654.187
623.466
631.966
623.947
27901.1
615.397
584.176
629.51
550.328
520.669
588.696
630.723
28992.8
531.845
609.554
625.872
609.574
549.145
594.85
588.716
25657.9
544.264
597.687
533.208
526.933
572.809
614.295
602.738
25590
627.636
515.989
514.074
536.145
591.151
572.89
513.041
25478.2
549.996
630.152
599.972
501.705
513.834
540.685
642.811
25578.5
619.978
526.162
509.734
625.711
628.057
513.633
532.847
26121.2
515.999
527.184
534.05
537.077
519.657
520.258
551.179
25893.4
557.193
611.939
535.162
626.303
510.205
563.197
607.289
25717.7
520.017
515.818
604.492
643.412
605.014
537.287
636.706
26025
525.35
636.546
620.73
593.026
606.727
618.244
515.848
27247.3
498.458
605.996
503.941
553.134
639.784
503.98
516.189
27155
525.661
512.069
519.647
516.49
568.019
623.737
517.943
27151.3
624.869
568.991
581.559
607.108
526.062
545.497
528.538
27397.2
535.824
526.292
516.269
608.351
513.623
513.193
522.022
27435
530.923
622.835
525.701
600.513
517.372
539.493
548.353
26509.8
546.539
514.846
509.002
523.215
532.106
521.982
531.003
26795.2
563.047
601.957
613.804
511.759
518.193
530.782
597.235
28169.8
606.938
600.383
604.402
611.168
608.482
605.865
635.273
27680.2
528.557
518.134
595.672
535.152
588.405
615.438
510.045
25953.6
605.083
605.695
510.727
603.009
589.137
534.632
605.796
25480.5
512
510.155
614.134
505.574
589.878
489.889
521.972
25782.3
505.464
490.139
514.305
500.223
583.544
608.322
488.124
25500.4
494.138
572.729
602.548
495.181
494.719
512.691
588.596
26001.6
595.933
515.437
501.325
498.738
495.531
616.871
510.316
25766.8
584.476
491.702
505.184
590.019
580.056
506.486
517.462
26095.5
527.505
581.259
616.349
567.427
564.4
607.239
620.77
26134.4
547.09
508.662
524.218
496.594
580.868
637.227
509.954
27156.1
524.799
533.649
591.593
600.102
586.04
588.095
566.445
26373.1
614.104
513.754
539.382
508.802
509.643
558.416
496.514
26133.9
530.983
510.716
593.968
593.467
611.559
507.67
610.867
25475
605.074
527.515
540.485
516.66
596.815
605.585
644.996
25589.7
577.29
519.947
578.091
605.815
501.335
508.672
534.381
27869.9
574.383
502.307
593.226
513.232
590.07
504.733
571.937
25681
581.92
580.226
542.8
610.617
518.484
510.846
515.127
25675.1
570.784
593.798
614.576
622.283
595.421
596.574
582.792
26250.2
510.385
487.834
588.836
496.032
496.925
544.173
581.71
26038.8
594.379
492.013
531.384
594.73
629.46
513.232
562.676
25743
504.983
507.87
589.428
588.305
499.039
582.632
582.401
26003.3
535.403
597.937
608.482
490.971
562.807
581.129
512.951
27065.9
522.013
588.826
599.35
494.93
501.435
599.972
617.051
26079.4
521.912
513.252
540.696
501.495
493.096
593.898
609.233
25852.5
482.321
518.745
602.699
487.012
494.91
527.846
569.592
26254.8
539.082
590.42
617.402
535.443
518.665
528.207
558.968
27328.9
566.054
608.502
531.474
592.815
484.657
508.992
582.532
25839.6
511.027
560.02
613.613
627.695
591.974
600.613
592.194
25811.4
489.247
517.271
578.182
606.106
505.054
510.716
516.429
28719
474.853
571.356
566.295
502.076
581.52
585.388
528.979
26977.2
587.042
540.285
491.843
618.133
582.211
593.698
605.554
26302.4
500.413
489.607
575.426
493.707
532.226
537.488
513.694
25949.9
507.95
586.892
550.117
525.019
573.13
501.505
587.894
25929.9
502.978
608.852
523.024
615.548
583.404
520.68
4442.29
13012.6
538.17
36212.8
588.496
36234.5
624.679
33217.7
505.414
33261.5
595.923
33029.9
523.465
35573.1
512.491
32587.5
609.794
32576.3
578.452
32648.5
498.038
36020.5
516.84
32407.3
603.87
32461.1
488.555
32572.2
583.354
35599.6
613.363
32370.2
575.415
33038.1
600.323
506.487
518.114
529.711
567.026
599.08
494.309
25543.6
545.696
595.372
626.553
662.286
498.087
595.501
493.778
24787.2
580.498
509.042
593.367
519.307
600.884
586.02
498.768
26162.5
499.732
606.166
513.413
519.386
499.2
590.169
572.719
27413.2
605.404
538.46
624.679
595.001
629.71
568.79
598.699
27821.8
593.747
525.791
567.087
540.174
651.4
556.09
514.917
28205
612.22
515.176
536.305
591.913
550.728
541.618
652.733
28613.5
578.011
615.728
624.889
653.175
608.021
520.549
587.814
28178
593.908
675.586
533.047
605.735
625.932
612.571
619.307
27886.8
617.292
682.151
597.526
632.747
604.192
535.784
545.537
27677.8
533.228
700.825
650.438
687.815
619.698
562.395
548.272
27583.1
541.748
643.071
535.534
576.348
646.62
561.744
638.611
28696.4
650.128
662.436
647.211
641.738
681.941
625.491
638.721
27638.9
652.603
680.398
622.464
689.027
556.682
525.41
532.046
27287.5
612.51
653.014
608.552
685.008
633.68
627.415
640.375
27074.2
633.078
666.265
652.704
703.761
544.073
571.166
548.023
26983.5
576.969
584.356
520.589
690.901
629.911
643.031
516.44
26853
638.29
569.592
512.39
672.81
540.024
523.035
595
27074.7
691.272
689.869
660.762
616.941
633.269
575.716
666.375
27152.7
637.578
694.62
653.535
639.473
676.829
675.155
681.059
27404.2
586.14
690.691
655.801
682.542
675.055
689.619
593.998
27616.6
662.857
726.434
664.42
697.487
677.331
682.392
695.812
27577.4
593.848
618.184
663.448
654.908
677.27
688.456
758.086
26983.2
701.957
761.033
664.702
701.807
699.572
694.821
725.822
27493.5
704.222
717.392
655.54
670.745
561.062
653.856
598.098
28183.8
730.512
739.553
689.468
693.658
705.545
742.882
663.508
29499.5
604.251
582.803
618.575
685.028
678.653
654.838
599.471
28783.4
570.935
611.789
589.949
661.694
664.661
669.743
661.754
28288.4
697.526
681.6
679.886
660.872
572.048
669.192
572.248
28346
571.316
652.994
541.006
561.262
703.35
538.952
659.609
28793.1
677.852
588.807
644.886
579.033
655.941
575.706
692.635
26645.7
674.935
625.641
650.508
583.434
667.688
577.871
713.293
26810.3
671.105
576.879
646.018
582.782
654.578
556.261
716.59
26471
572.118
658.507
574.042
715.859
592.315
640.405
664.45
27952.6
619.958
698.499
654.628
579.384
643.613
652.122
695.582
20268.3
704.353
688.325
603.971
591.893
688.125
1338.59
1330.41
1434.55
1375.89
1467.39
1322.4
1414.48
1408.66
1327.6
1350.03
1343.15
1335.97
1363.6
1340.73
1479.02
1405.9
1420.85
1472.26
1473.96
1487.3
1428.34
1493.76
1501.77
1509.27
1472.28
1508.86
1575.66
1513.94
1572.98
1428.03
1535.81
1451.12
1449.51
1457.96
1423.48
1438.24
1413.52
1446.69
1523.6
1511.72
1447.79
1470.59
1370.39
1356.62
1395.25
1499.73
1462.47
1431.23
1459.25
1413.58
1402.65
1405.88
1479.84
1421.93
1498.66
1378.6
1415.28
1396.14
1463.04
1427.18
1377.22
1369.51
1409.13
1401.44
1391.63
1355.34
1405.21
1396.03
1418.15
1387.78
1402.05
1379.89
1336.83
1466.2
1381.37
1514.55
1395.46
1430.55
1500.89
1468.06
1469.02
1512.43
1452.42
1536.35
1407.55
1440.11
1403.18
1315.32
1450.79
1324.53
1274.5
1368.74
1366.16
1399.32
1414.36
1384.37
1365.34
1440.21
1344.43
1376.87
1415.06
1408.49
1423.52
1365.92
1344.5
1352.66
1389.11
1419.67
1443.95
1364.49
1375.32
1373.85
1377.05
1417.18
1388.74
1382.32
1376.87
1373.16
1398.38
1365.02
4369.78
11424.9
501.325
30277.7
573.421
32144.3
508.802
33139.2
568.911
33944.8
595.252
33922.2
516.339
34362.2
507.88
34314.3
604.292
34554.5
613.232
34711.8
518.664
34532
506.116
34528.8
612.841
34603.7
511.989
35383.3
650.399
20661
1299.76
1391.08
1306.15
1323.81
1355.82
1309.36
1297.34
1351.98
1392.7
1357.8
1412.2
1339.21
1334.54
1352.76
1369.46
1397.61
1422.46
1359.04
1385.23
1358.66
1364.94
1307.68
1354.49
1292.71
1294.9
1269.18
1245.48
1263.79
1274.58
1276.89
1264.79
1295.97
1237.27
1299.78
1274.12
601.135
95499
33491.1
27749
32194.6
564.661
32454
563.718
31934.5
544.715
32140.9
641.187
31965.5
638.38
32639.7
546.027
587.895
646.169
605.775
633.439
21008.5
629.6
530.913
543.282
631.735
619.557
538.821
1387.99
1340.73
1371.08
1378.45
1406.05
1351.37
1408.67
1352.07
1363.97
1462.81
1376.25
1365.32
1338.18
1305.51
1293.55
1304.27
1309.35
1321.67
1337.64
1388.6
1298.53
1372.82
1399.8
1382.39
1570.68
1319.12
1360.64
1384.97
1308.2
1309.12
1322.99
1317.59
1396.16
1320.6
1338.54
1297.37
1381.08
1332.81
1454.98
1305.28
1343.44
1345.52
1460.83
1326.2
1308.9
1305.96
1346.76
1407.73
1304.39
1383.22
1510.58
1328.67
1338.91
1433.17
1363.99
1391.03
1321.82
1337.35
1527.95
1406.66
1376.41
1307.06
1330.73
1320.53
1305.6
1290.82
1337.19
1345.79
1330.63
1528.03
1313.63
1420.77
1308.79
1369.16
1283.48
1455.65
1299.04
1377.03
1445.05
1296.02
1423.06
1321.46
1426.12
1413.76
1629.25
1423.56
1515.82
1423.88
1515.63
1286.68
1438.02
1424.95
1500.05
1328.22
1476.47
1365.14
1463.71
1302.2
1475.61
1397.6
1453.2
1306.46
1491.88
1308.43
1407.19
1289.93
1489.75
1419.61
1476.56
1494.2
1434.86
1440.13
1477.87
1470.09
1467.59
1427.33
1386.18
1417.05
1374.38
1418.49
4822.84
689.808
34135.5
632.867
34148.9
557.234
33256.5
653.084
34269.6
574.182
35897.1
654.518
34226.6
652.263
35363.6
642.561
35186.3
656.813
36396.8
639.143
34980.1
564.029
35131.5
638.601
34958.1
652.362
36616.3
650.899
36578.1
600.543
36155.2
567.577
36125.5
652.172
667.497
564.45
647.772
644.133
549.476
602.388
27983.4
644.435
653.866
662.055
674.123
688.797
664.921
675.295
29810.5
712.021
633.149
691.793
584.055
656.813
551.169
555.971
27838.9
621.401
572.178
638.029
548.494
573.371
653.897
4123.09
22917.1
41861.8
6459.12
24271
27500.7
21563.1
32468.9
20853.2
537.307
1301.88
1329.06
1476.78
1357.02
1345.79
1334.43
1276.93
1326.98
1302.57
1331.69
15927.5
16703
4459.53
18237.5
19140.5
22452.6
27943.4
27611.1
643.051
26670.8
27962.6
558.758
27625.7
541.818
28389.9
26718.1
27510.2
27514.9
28054.2
26587.8
26626.9
27014.8
29297.3
27062.8
28043.6
28578
17675.9
622.754
18091.7
569.392
17445.2
640.906
18650.5
636.065
627.184
525.972
613.223
16866.2
527.776
535.484
538.36
621.611
609.955
524.167
623.837
16632.7
627.475
632.407
634.902
558.897
628.167
16617.3
555.941
576.087
647
547.561
547.131
617.532
658.437
16878.2
651.381
639.172
543.862
630.793
629.169
579.595
629.15
16433.4
543.101
609.233
629.971
643.943
626.804
581.7
655.259
16963.8
690.15
645.257
539.934
615.858
627.015
549.586
535.634
16805.3
625.13
647.742
657.705
532.887
622.814
632.266
772.77
17384
634.662
645.648
626.503
637.308
699.221
686.361
633.059
16631.4
665.483
640.556
618.515
574.834
587.113
573.231
565.192
16018.5
653.365
577.27
688.967
672.088
653.816
651.952
656.111
16076.3
655.3
652.974
604.011
678.342
657.203
549.266
552.473
16094.3
569.993
4812.2
9431.3
670.655
30929.2
26856.7
652.102
34829.9
527.565
33990.8
584.115
32806.3
602.558
32471.9
607.61
1500.73
1459.92
1370.4
1421.47
1276.29
1252.85
1270.83
1337.31
1311.1
1288.69
1356.38
1338.53
1256.6
1262.61
1242.86
1242
1277.61
1293.08
1302.34
1354.93
1277.6
1273.01
1269.98
1338.1
1360.39
1335.07
1273.81
1283.31
1328.5
1277.38
1273.17
1245.65
1289.91
1250.43
1382.11
1297.97
1322.67
1374.03
1357.34
1292.05
1387.81
1301.87
1299.27
1301.27
1281.47
12389.1
17839.8
13621.1
2033.6
13979.9
23082.7
504.663
14874.6
34546
10749.6
15845
44421.8
41913.5
11189.2
26362
47609.3
36050.4
628.027
35221.4
613.874
1423.64
1475.79
1418.8
1368.97
1398.52
1389.26
1379.21
1379.45
1359.33
1326.77
1391.65
1379.62
1441.79
1314.94
1420.75
1342.79
1431.21
1392.05
1316.6
1315.23
1388.74
1324.74
1355.55
44093.3
17969
16291.9
37349.8
27706.9
635.042
33979.7
603.801
33075.8
33388.9
533.93
34625.1
631.905
33356.6
34101
616.49
33795.2
525.169
34814.3
612.691
33744.8
627.455
33773.9
631.174
33226.8
753.987
34932.4
602.568
32977.4
515.026
33716
653.154
624.588
530.712
584.156
625.25
26797.2
623.406
611.508
515.087
589.939
612.822
502.057
26746.6
514.485
534.341
529.841
529.459
521.982
536.145
26792
588.164
534.241
536.034
597.156
509.173
535.553
27365.2
614.405
667.959
534.491
600.854
523.777
534.832
26866.7
525.23
519.938
545.576
529.65
603.6
625.942
27579.9
629.069
507.519
610.596
599.481
528.878
613.183
28431.3
607.219
560.631
525.471
546.078
547.952
559.92
28415.3
638.271
576.327
606.396
618.675
509.503
530.151
26653.5
507.69
534.331
520.239
522.524
527.425
523.676
27206.3
623.747
512.801
614.405
604.442
513.843
585.619
27928.2
508.161
515.698
613.203
610.436
519.196
518.684
28428
541.888
619.748
523.997
624.178
617.352
505.515
27104.4
645.016
501.395
559.429
623.035
590.42
628.738
28028.2
516.54
625.821
505.955
608.892
505.936
586.842
27548.9
539.923
669.552
513.072
521.181
606.747
654.448
27276
545.597
615.858
614.395
614.546
532.637
540.264
42933.2
640.355
636.446
605.706
618.184
626.173
617.382
29315.5
613.423
526.152
602.458
681.159
669.031
696.635
30753.2
546.368
533.148
542.47
525.401
549.545
665.082
30673
615.639
541.738
564.981
541.236
612.23
623.285
31568.9
645.647
550.99
500.332
712.01
623.617
679.545
30795.3
604.122
551.882
513.674
634.451
636.646
678.292
29374.1
562.306
601.395
653.936
597.637
518.916
540.535
31326.1
521.331
621.311
500.022
600.453
518.975
589.829
30807.1
608.291
667.558
501.305
573.07
603.941
606.778
28774.8
616.731
514.806
616.941
513.893
523.336
614.455
29466.5
525.53
595.662
505.344
594.891
588.095
590.64
28869.7
578.743
517.943
587.072
497.616
555.249
580.237
29274.3
607.219
599.29
551.039
613.503
604.453
510.396
29901.7
621.391
560.181
546.629
574.614
585.98
611.428
29905.2
581.439
521.551
600.222
605.845
536.977
641.788
29684.4
542.851
626.423
618.795
548.373
531.043
590.871
30072.6
563.138
554.598
669.492
631.926
604.713
686.201
28671.5
577.27
588.416
606.878
618.044
665.223
661.584
663.839
30363.6
660.331
676.569
643.763
578.031
574.774
618.465
31236.7
660.171
694.239
671.537
659.85
597.907
618.405
28000.8
567.507
671.788
678.453
660.762
589.598
616.24
29162.6
574.373
578.513
657.304
577.851
594.299
583.073
646.198
30630.3
589.147
601.555
564.109
572.589
560.932
671.747
29835.6
648.904
718.365
662.606
650.168
569.302
672.449
29372.8
649.346
556.292
580.568
647.783
554.788
590.971
29966.7
644.805
587.524
643.262
623.456
638.25
657.405
31068.8
647.441
597.206
553.094
542.149
575.816
665.503
30188.5
545.697
583.664
544.153
553.525
638.28
586.1
29584.7
645.417
578.583
553.745
557.875
592.435
607.63
28659.4
682.493
657.164
668.911
653.545
666.144
652.914
28241.8
618.214
662.787
645.677
635.223
643.322
647.983
27887.9
614.255
655.611
641.086
572.93
548.904
597.697
28943
544.044
577.851
589.167
697.697
637.318
695.622
28824.5
561.854
558.788
552.833
562.185
549.997
655.83
29431.2
648.323
675.516
681.89
618.374
586.11
584.075
28115.1
634.802
638.24
668.871
572.819
579.184
588.966
29382.3
734.411
647.912
643.152
652.793
653.034
653.525
30252.1
650.008
636.165
656.412
534.37
552.272
562.806
28863.5
606.838
669.171
621.451
631.675
535.343
663.448
28245.8
587.584
664.791
613.193
586.571
523.365
552.052
22985.5
595.191
614.255
531.444
622.935
634.111
658.346
22777.2
556.372
679.194
575.946
566.795
558.477
660.872
23365.4
572.408
695.923
670.956
596.043
571.276
564.18
618.795
23657.6
653.536
680.979
664.49
665.543
688.686
687.253
689.478
22504
706.257
564.2
597.797
574.213
568.369
573.191
22466.3
542.048
538.09
540.595
549.075
632.667
677.581
22523.1
550.327
636.076
623.235
623.997
624.348
681.249
23895.3
621.581
531.294
612.692
575.837
601.997
651.431
22759.1
594.159
530.071
554.878
555.77
571.036
557.113
567.206
23089.7
670.966
572.849
605.184
610.817
613.393
575.976
654.447
23148.7
646.308
621.852
595.462
625.421
662.486
647.872
546.459
21725.8
582.472
606.748
608.02
516.43
512.009
635.845
564.38
13484.8
609.554
634.171
555.279
550.629
1371.92
1381.76
1293.88
1336.03
1339.84
1315.45
1332.91
1309.12
1313.07
1418.43
1280.69
1304.78
1317.58
1290.56
1311.26
1286.3
1435.62
1360.8
1342.11
1391.74
1312.12
1354.38
1350.75
34278.3
15707.7
15724.5
34262.3
28014
532.526
34799.3
521.251
36719.2
518.354
33668.1
573.953
34423.3
702.578
34424.6
511.377
1356.86
1228.91
1272.18
1282.15
1295.67
1297.82
1314.21
1323.01
1343.16
1324.32
1293.96
1301.97
1298.85
1280.13
1386.29
1323.94
1322.13
1287.64
1258.42
1303
1314.14
1372.41
1247.65
1219.44
1273.06
1268.51
1316.56
1357.11
1300.54
1337.47
1285.63
1244.81
1326.67
1288.3
1323.1
1284.42
1337.64
1263.31
1234.09
1310.78
1319.18
1297.58
1288.68
1291.36
1291.38
1283.77
1263.85
1335.11
1330.08
1224.18
1316.95
1269.63
15502.3
15027.7
637.068
34364.3
591.493
36936.1
613.874
36779.7
521.18
33795.7
1371.27
1544.81
1365.06
1403.99
1372.44
1380.99
1363.66
1621.49
1292.35
1288.72
1348.95
1314.52
1304.45
1335.89
1294.01
1284.75
1317.52
1347.52
1357.41
1333.74
1312.72
1305.32
1306.81
1299.79
1296.02
1307.62
1274.21
1326.94
1308.51
1260.61
4338.43
593.186
29746
26344.2
510.185
34078.5
497.977
33427.8
497.085
32441.4
580.888
33287.8
624.107
34262.1
548.253
34509
535.944
34196
545.256
33868.6
535.724
34421.8
617.382
34713.9
563.187
34466.8
577.44
34274.4
570.234
33984.5
516.219
34348
528.467
522.584
593.487
621.652
511.548
27255.3
524.368
639.443
518.585
594.409
591.672
505.885
26690.7
626.683
526.473
616.129
609.634
598.739
591.452
26830
613.203
615.517
588.255
622.293
621.01
505.615
27046.6
565.001
584.476
605.034
622.083
613.032
651.491
26974
524.638
535.814
532.215
597.195
599.2
594.9
26892.8
605.806
595.231
593.026
595.812
509.404
499.3
28770.9
526.883
505.605
507.328
526.663
531.133
526.032
28080.5
529.439
528.628
516.62
500.743
525.2
512.891
28160.8
570.184
617.443
632.897
567.106
552.202
503.329
27659.7
568.279
528.628
516.279
505.164
566.826
507.298
27354.4
550.298
573.12
564.942
565.252
529.58
574.082
28372.9
524.749
516.299
521.943
495.993
537.809
537.218
26981.1
611.077
642.56
610.787
602.909
615.257
513.423
26784.5
529.29
604.102
607.008
519.186
511.889
507.088
28767.8
545.046
537.518
515.939
518.946
523.777
512.19
28498.9
675.135
498.007
558.276
584.356
609.333
602.548
29951.1
594.198
492.564
504.492
561.323
595.481
522.594
27916.7
529.079
529.34
521.832
570.284
598.478
518.304
28156.5
589.448
575.175
611.409
632.878
486.29
509.594
26409.9
560.34
592.425
599.18
607.549
626.393
646.008
27190.2
612.902
496.895
527.184
495.682
494.599
481.139
27599.6
580.558
595.943
599.792
501.045
510.576
506.988
28187.2
551.32
587.813
592.706
485.178
680.347
497.857
27351.5
573.732
611.428
584.878
521.01
623.786
523.235
27471.6
629.24
523.306
523.004
593.026
668.169
495.401
26833.6
504.222
547.912
517.181
501.425
598.449
550.889
27049.5
619.968
502.527
510.055
550.798
681.59
614.435
29173.8
628.738
610.075
502.598
501.796
526.894
599.501
27091.2
582.382
499.13
505.815
608.292
689.789
589.528
27093.9
563.799
511.99
607.56
608.311
491.613
484.566
27084.2
568.199
620.339
517.161
523.556
530.05
605.625
27059.5
601.265
582.742
519.486
499.5
577.59
604.332
27956
519.977
506.236
492.194
603.941
610.416
506.326
27725.9
513.313
601.195
528.568
597.897
619.748
490.129
26134.9
597.928
570.314
510.496
566.665
584.787
567.567
27083.5
509.213
594.89
487.243
496.845
493.747
529.881
27389.3
495.191
584.215
486.17
560.832
616.019
506.436
26207.4
507.549
590.42
517.803
525.49
585.458
495.09
26069.2
496.143
590.901
585.559
572.238
502.127
592.896
26288.4
502.668
480.266
517.222
592.755
584.897
572.91
26297
496.393
498.749
551.059
572.388
497.846
492.244
28006.8
493.958
515.728
579.685
513.362
579.355
607.8
485.569
28484.5
618.736
590.921
508.441
560.311
614.586
579.856
489.919
27475.3
662.115
496.484
561.824
599.12
608.581
502.838
26426.8
517.351
485.398
504.281
546.379
496.744
529.791
26522.3
485.278
513.813
586.852
516.771
488.546
504.201
26702.6
507.399
497.226
559.98
607.259
593.757
490.38
26787.7
534.03
502.327
504.722
504.702
606.157
551.38
28394.8
514.575
490.299
589.448
574.172
597.316
508.942
511.228
27307.7
592.214
581.409
602.097
587.132
552.583
518.084
27714.6
586.661
594.258
530.412
504.842
565.633
600.073
26285.7
492.314
515.077
491.853
460.411
539.773
466.645
26879.5
578.061
515.728
589.849
556.201
596.253
576.568
30141.9
618.715
508.371
535.624
602.097
590.169
631.956
29136.6
592.244
581.279
559.689
595.011
567.026
586.15
31559.3
507.419
689.609
613.002
483.694
495.001
577.139
30700.8
568.87
591.693
567.066
494.238
562.816
577.801
32272.7
526.131
522.253
600.102
617.643
521.872
496.203
31636.7
518.996
604.042
487.523
519.747
752.203
579.334
32957
593.758
613.032
507.77
564.62
587.484
541.638
32042.2
606.788
589.107
585.699
601.275
503.289
504.743
32085.7
510.275
488.234
598.348
585.238
600.894
490.39
32369.3
570.534
604.903
526.873
507.499
608.351
549.225
31001.1
520.038
589.929
516.339
595.211
516.039
548.684
31692.1
656.081
616.51
606.667
527.235
601.325
488.906
32176.3
607.55
615.749
535.944
576.508
516.881
602.096
31220
508.933
623.236
513.383
539.863
614.105
528.547
31584.2
526.222
544.123
504.282
494.971
718.175
504.041
30099.5
534.852
646.249
559.248
511.108
577.541
603.52
29673.2
651.922
611.469
591.052
653.355
645.357
573.18
30009.3
681.981
652.503
640.345
705.094
658.737
595.16
15042.3
637.568
572.299
670.374
1532.09
1321.07
33698.4
18683.1
17174.1
12377.5
561.253
46531.9
34787.6
567.256
34226.3
657.394
34212.4
668.5
36792.4
749.195
34483.5
568.72
36315.9
643.543
36133.5
639.623
37367.9
614.956
36084.9
536.827
36135.2
533.309
37219.7
621.823
37800.1
581.479
35619.4
676.237
36028.1
673.04
30347.7
656.462
585.649
555.72
631.705
666.475
563.759
667.567
29035.2
683.895
971.738
675.325
666.806
771.668
793.939
646.81
29352.7
558.206
848.514
640.084
765.012
668.57
1008.46
657.624
31065.4
670.344
654.507
577.339
712.171
675.776
682.813
36658.2
41571.9
29411.2
34134.5
16192.6
13546.6
26504.1
1019.3
39675.8
727.015
38040.7
610.877
36248
556.342
36277.8
587.573
36092.3
530.312
36214.4
530.612
24587
627.656
20412
644.655
3233.22
1335.51
1324.03
1372.93
1372.76
1414.85
1427.67
1381.22
1346.11
1498.45
1359.16
1452.11
1444.41
1357.46
1307.26
1376.75
1408.65
1420.77
1357.03
1397.35
1407.17
1371.88
1344.46
1364.38
1374.67
1368.76
1390.03
1385.51
1337.95
1381.83
1349.72
1307.76
1323.09
1362.64
1319.98
1286.82
1326.94
1299.72
1284.87
1325.9
1277.26
1320.44
1289.74
1278.21
1386.16
16603
26519.7
36629
16480.2
50476.7
33482.5
622.704
33713
685.86
33561.6
680.107
34530.3
665.754
33532.6
677.17
34367.9
591.873
34207.8
621.311
34483.1
705.104
689.97
624.027
616.861
710.075
619.477
635.725
28014.1
726.534
702.398
687.734
673.111
633.018
698.269
681.179
28314.6
674.193
684.487
701.847
714.316
691.092
612.13
638.24
26316.1
612.03
645.688
658.537
670.093
660.451
591.612
27443.8
666.155
666.174
671.166
643.763
698.309
696.374
614.625
27930.1
647.432
573.591
602.228
590.731
563.228
579.524
601.836
22449.7
601.215
573.942
535.874
533.98
551.109
1320.57
1301.12
1346.53
1303.33
1306.51
1346.52
1391.05
1364.6
1285.09
1328.22
1334.39
1342.26
1288.12
1292.97
1259.21
1358.67
1355.15
1328.21
1309.48
1300.84
1307.88
1258.18
1235.82
1307.47
1389.06
1329.9
1256.38
1222.79
1262.41
1317.7
1281.61
1272.24
1276.86
1294.56
1232.31
1237.73
1227.78
1232.25
1191.54
1235.84
1265.46
1242.86
1265.63
1284.93
1272.51
1300.44
1292.82
1263.79
1314.84
1319.34
1273.53
1286.61
1274.92
1282.84
1335.03
1276.39
1312.99
1339.14
1273.95
1260.2
1280.13
1263.08
1261.57
1288.96
1277.7
1339.11
1288.1
1284.87
1317.52
1262.88
1229.25
1302.66
1282.44
1291.04
1312.81
1275.72
1250.93
1264.2
1246.37
1324.98
1377.44
1265.06
1294.19
1280.52
1261.7
1262.22
1270.57
1284.47
1303.64
1265.55
1258.15
1248.35
1234.25
1281.67
1244.64
1252.82
1280.44
1296.3
1279.27
1278.71
1297.51
1288.03
1218.13
1220.83
1258.13
1270.9
1259.84
1244.53
1294.88
1281.5
1270.89
1249.22
1218.43
1296.01
1302.73
1289.64
1244.35
1247.95
1235.02
1290.68
17779.6
22757.2
19062.3
41613.2
3412.79
2676.12
2042.46
821.662
18239.7
4499.71
537.789
32728.2
25378.8
616.911
31617.6
594.52
33099.5
581.821
33062.6
507.168
31676.9
526.983
31495.3
575.095
32210.5
530.582
32489.5
568.941
31509.7
566.616
31464.8
496.454
31528.7
501.525
32288.8
510.025
31929.7
591.593
32627.9
563.788
32159.1
495.391
536.566
493.055
579.746
577.21
27482.3
582.752
580.948
569.933
495.632
557.244
513.683
27045.3
571.166
494.83
540.344
543.552
559.84
494.76
27873.7
498.338
535.583
586.962
576.648
496.965
498.338
27561.7
587.062
573.541
546.469
560.902
495.17
513.022
26780.1
515.036
559.118
572.178
566.415
505.154
526.623
22420.9
578.662
516.299
564.27
518.154
531.535
561.443
1252
1298.67
1276.57
1239.91
1297.41
1257.28
1204.73
1242.73
1199.07
1222.08
1273.42
1290.02
1257.53
1263.99
1244.92
1270.61
1300.86
1257.17
1264.66
1307.65
1293.39
1272.67
1249.66
1275.08
1279.07
1269.87
1261.48
1309.81
1291.37
1275.4
1259.47
1269.88
1249.67
1243.09
1244.53
1228.41
1239.74
1266.92
1245.72
1247.41
1265.87
1241.62
1290.1
1267.48
1271.46
1263.2
1306.03
1273.24
1287.9
1288.14
1274.44
1249.05
1236.89
1228.16
1227.59
1257.31
1258.16
1255.97
1308.05
1275.93
1261.86
1226.72
1240.94
1206.94
1226.57
1236.06
1240.02
1263.97
1277.1
1250.25
1255.24
1222.62
1235.3
1257.7
1229.26
1252.57
1221.32
1271.33
1294.1
1296.5
1231.62
1246.38
1230.83
1260.12
1284.98
1214.78
1249.34
1218.5
1259.65
1247.04
1250.21
1243.05
1281.28
1234.47
1307.12
1240.67
1253.52
1232.67
1253.88
1238.74
1208.33
1233.89
1262.29
1269.77
1285.78
1220.44
1260.58
1253.11
1231.65
1201.71
1261.51
1253.75
1226.03
1235.12
1252.63
1225.22
1245.86
1225.86
1262.24
15335.2
32056.8
52567.7
5137.97
5147.45
2831.73
2049.37
43702.2
21414.7
56331.3
4639.04
3281.88
1639.07
22086
15475.5
37178
15361.9
650.077
37899.9
33755.9
590.33
34298.7
611.017
34466.2
647.452
34710.2
576.318
34709.1
590.68
35472.6
536.385
36202.1
521.712
35362
589.077
35696
577.35
36054.7
551.861
36678.5
528.648
35366.6
521.702
34988.1
519.627
34576.8
551.961
28324.3
605.966
558.868
614.817
650.017
632.206
737.829
626.443
29348.9
626.222
708.592
657.745
619.457
658.848
645.617
692.986
29557.1
662.135
639.614
614.245
605.665
808.051
663.98
28750.7
680.958
664.25
678.863
602.287
687.523
677.721
688.916
18423.4
704.804
765.664
673.421
681.28
1536.8
1352.51
1325.62
1542.4
1390.48
1410.77
1352.1
1369.51
1312.75
1413.83
1313.27
1343.18
1355.17
1505.2
1575.46
1410.98
1363.2
1529.59
1345.25
1344.68
1367.62
1516.93
1396.43
1530.94
1363.1
1369.06
1365.24
1373.65
1370.03
1331.38
1346.9
1344.78
1374.13
1336.49
1363.99
1337.96
1417.33
1406.06
1361.08
1413.81
1405.57
1356.37
1369.45
1366.55
1430.27
1390.54
1340.24
1476.52
1345.31
1350.81
1440.93
1360.74
1383.31
1391.49
1376.06
1400.04
1408.15
1414.12
1367.76
1375.56
1361.41
1356.34
1367.21
1354.96
1417.66
1356.11
1380.59
1335.57
1413.02
1413.52
1315.73
1354.84
1425.98
1354.41
1376.65
1388.53
1387.29
1354.86
1339.43
1337.15
1396.05
1356.23
1354.8
1319.83
1315.27
1373.34
1361.74
1359.57
1500.88
1352.78
1398.92
1404.38
1372.38
1408.76
1349.41
1342.15
1464.6
1343.36
1388.36
1567.15
1570.28
1540.31
1775.74
1886.52
1420.91
1380.86
1384.98
1375.39
1406.71
1478.79
1333.25
1404.75
1416.54
1330.12
1421.69
1338.28
1344.82
1353.16
1371.44
1311.96
37908.1
40088.3
3533.93
2310.62
1603.23
28730.1
16490.2
23496.3
596.213
37738.9
33633.2
628.367
34026.8
589.337
16028.1
1322.33
1268.18
1297.58
1319.71
1323.89
1294.13
1283.29
1319.11
1298.34
1278.75
1302.83
1284.97
1258.92
1281.05
1305.77
1256.8
1326.65
1293.81
1258.55
1219.33
1267.19
1349.29
1316.85
1262.58
1252.71
1273.79
1322.76
30087.3
25187.9
4514.2
9003.61
578.833
30867.8
26892.5
540.285
32754.2
553.616
33062.2
561.172
33184.6
609.314
34755.8
513.222
33796.6
558.046
34867
525.441
35165.2
535.573
36369.9
608.863
35301.6
581.941
35006.3
610.517
33491.2
553.255
34565.2
546.198
32718.7
604.021
32482.6
602.448
602.538
601.345
594.058
588.947
27722.3
609.403
625.291
601.044
534.461
511.768
583.655
27699.6
538.17
534.381
578.192
579.454
581.139
590.841
29540.6
627.656
568.039
561.874
628.437
615.378
617.843
626.603
28766
591.583
618.054
17901.2
18636.4
23821.3
519.246
34264.3
1315.85
1346.31
1292
1241.56
1381.98
1326.76
1291.11
1261.77
4527.48
14512.4
531.174
29482
550.538
32013.1
514.746
32374.8
557.825
34270.3
505.555
17497.9
1335.68
1346.85
1254.76
1337.09
1256.93
1272.59
1350.22
1257.44
1242.2
1378.45
1302.72
1272.08
1265.19
1254.71
1243.98
1253.15
1292.11
1231.86
1265.76
1271.87
1292.29
1279.42
1275.62
1235.99
1277.19
1272.76
1258.04
1242.83
1258.52
1236.33
1273.92
1270.23
1256.17
1191.44
28553.3
19587.2
28854.6
29382.3
582.952
32095.7
537.799
33123.7
584.025
31720.1
504.332
1277.82
1244.52
1249.12
1245.04
1224.68
1217.7
1237.09
1185.38
1204.48
1214.6
1253.15
1202.04
1258.94
1238.03
1252.42
1284.62
1227.95
1204
1219.42
1243.97
1285.15
1230.95
1198.57
1307.61
1227.37
1265.21
1247.51
1240.94
1281.55
1313.74
1201.66
1209.63
35957.5
24060.8
18199.7
2940.66
2269.09
1570.3
36598.3
15794.8
29662.2
28932.2
25549
525.45
31662.9
588.616
16456.1
1289.48
1252.94
1267.63
1229.27
1287.78
1175.32
1235.72
1269.26
1268.98
1205.8
1240.37
1294.96
1226.12
1237.62
1289.72
1223.17
1234.5
1195.56
1251.06
1222.57
1285.06
1225.98
1247.91
1251.17
29447.9
14981.2
34647.6
30918.2
30483.3
18053.9
15447
45518.4
1991.89
897.938
4328.73
11420.4
580.036
29580.4
32066.7
547.37
1286.34
1255.27
1228.87
1269.07
1209.16
1239.17
1214.4
1260.24
1250.55
1236.95
1236.47
1261.17
1235.67
1174.37
34121.2
11994.3
29867.3
15872.3
31668.3
12393.9
25553.2
30403.3
25909.9
514.145
32022.7
550.167
31454.2
531.034
32111.2
583.003
32206.4
566.666
32587.1
582.953
33445.3
653.936
33835
605.855
33772.9
621.17
33711.9
606.697
31819
537.849
32592.4
511.548
31698.9
520.97
33039.2
585.699
1291.53
1249.85
1312.18
1282.55
1295.61
1272.92
1265.57
1259.11
1327.86
1333.39
1255.65
1296.5
1334.49
1315.86
1297.22
1293.76
1331.12
1259.79
1272.15
1423.79
1247.85
1350.1
1298.21
1277.15
1347.42
1341.22
1407.47
1837.84
1619.19
1305.25
1496.14
30416.3
56384.7
32120.2
5067.05
13696.6
669.582
40020.4
613.703
39097.1
970.095
38720.5
982.283
38338.6
828.428
38725.4
642.57
38998.5
634.331
25530.9
590.239
21639.1
600.403
21634.6
673.451
21323.7
569.291
20525.1
604.502
20598.2
643.663
21228.7
644.425
21266.9
595.812
21199.8
569.131
17234.2
589.348
655.239
597.165
591.733
659.059
628.137
585.489
17004.9
586.551
664.641
602.488
589.117
604.292
666.535
644.916
16930.7
676.287
594.329
678.573
685.148
605.815
666.826
592.014
16572.7
599.17
598.709
631.314
648.324
585.368
656.572
36744
51570.5
36619.1
10988.6
17756.7
38612.6
35203.8
600.804
35072.5
600.694
31723.3
1340.88
1349.01
1352.76
1344.22
1309.56
1358.26
1363.21
1382.74
1375.58
1358.79
1357.6
1413.4
1352.49
1340.68
1356.46
1333.72
1386.22
1319.09
1321.11
1312.88
1381.56
1383.42
1400.93
1406.73
1359.52
1360.06
1307.33
1323.98
1359.08
670.254
644.154
21574.4
1326.51
1293.34
1227.38
1292.83
1314.1
1294.14
1254.73
1308.79
1320.79
1280.95
1303
1307.43
1317.85
1335.41
1319.27
1261.8
1278.37
1274.29
1320.34
1264.34
1330.47
1321.64
1256.41
1299.33
1211.81
1279.9
1276.48
1297.3
1322.56
1385.85
1365.45
1351.4
1285.15
1368.76
1440.73
1312.27
1266.47
1294.35
1316.76
1249.62
1359.79
1278.14
1346.66
1319.46
1280.58
28382.7
18007.2
41973.9
33232.9
27537.4
557.965
34699.6
548.233
33268
546.509
24254.4
1308.52
1302
1295.64
1340.88
1371.01
1286.1
1353.01
1335.11
1319.89
1277.47
1312.76
1286
1337.15
1260
1305.38
1287.76
1240.18
1275.99
1247.47
1230.55
1280.87
1256.93
1323.92
1252.31
1286.98
1286.64
1301.04
1237.83
1254.91
1199.04
1281.54
1331.03
1296.11
40591.3
13864.8
17828.4
41322.5
28214.8
566.705
34279.8
579.685
35184.3
669.843
34988.6
551.821
1345.17
1367.14
1317.93
1284.73
1327.35
1320.12
1249.67
1291.81
1308.04
1300.87
1272.45
1261.6
1348.18
1290.41
1268.88
1333.16
1318.88
1412.06
1265.88
1296.66
1335.57
1320.48
1346.88
1280.65
1291.31
1288.95
1300.03
1266.66
1295.1
1309.42
1268.68
1329.35
1275.25
1361.22
1287.83
1327.48
4548.22
11632.7
533.539
36468.4
616.971
34313.1
622.344
1365.47
1397.78
1343.45
1329.88
1277.03
1286.28
1257.84
1281.96
1319.28
1279.14
1254.13
1310.34
1252.6
1327.13
1319.12
1279.24
28106.3
14266.7
20170.2
612.54
37904.4
657.405
34907.9
616.73
33974.4
551
1322.86
1350.96
1320.55
1300.65
1344.36
1319.49
1289.8
1314.02
1285.02
1323.5
1257.06
1290.11
1250.08
1263.9
1375.11
1285.51
1289.02
1265.13
1280.34
1325.63
1279.17
1267.68
1294.94
1292.42
34632.8
10176.9
33112.7
35402.2
586.311
34195.8
581.7
33179.8
537.147
1409.31
1323.23
1353.64
1332.01
1305.86
1316.67
1305.5
1306.46
1316.42
1391.62
1305.61
1300.08
1299.02
1316.99
1286.34
1308.97
1267.04
1308.19
1295.95
1235.88
1291.33
1293.04
1296.89
1306.8
32211
19107
21057.4
29676.4
27133.6
608.662
32992.7
530.262
25000.4
1298.03
1288.74
1300.03
1310.78
1338.65
1257.41
1298.88
1255.12
1324.35
1245.86
1338.9
1306.58
1347.7
1276.59
1320.89
1281.57
1306.92
1287.82
1312.95
1248.4
1380.06
1251.56
1286.13
1262.71
1264.67
1249.36
34934.7
58176.7
5450.84
19451.9
12707.9
16578.9
30379.6
32989.7
573.291
33620.3
522.594
1347.87
1263.67
1253.59
1267.42
1266.51
1278.08
1278.94
1288.57
1359.85
1275.16
1308.67
1252.31
1290.35
1249
1266.65
1263.85
1336.29
1244.84
1289.46
1283.57
1262.61
1265.67
1304.78
1287.83
34475
17206.7
24327.3
33563.4
21308
511.188
1278.69
1281.49
1271.34
1277.71
1314.84
1309.13
1282.59
1270.23
1269.44
1237.08
58304.4
14863.9
20253.4
30507.2
32633.8
577.229
33879
537.809
22449.4
1300.84
1259.36
1287.89
1250.08
1250.61
1290.48
1277.07
1288.12
1225.12
1264.96
1296.55
1253.75
1248.55
1229.88
1266.01
1208.91
1235.11
1285.42
1270.66
1236.43
1261.35
1281.38
1245.95
1251.84
1273.51
1267.6
1252.41
33447.6
26385.2
29803.9
20760.4
24870.9
35152.2
534.28
32174.4
591.533
15743.2
1327.68
1275.7
1289.87
1300.81
1287.98
1322.47
1285.81
1437.05
1251.75
1311.13
1252.81
1274.89
1283.63
1273.34
1273.17
1308.38
1282.38
1266.21
1261.87
26050.7
42147
4956.2
4427.8
2016.49
358.105
26649.1
15331.1
26023
37008.7
567.718
33713.2
561.724
34026.4
525.471
32681.3
584.967
32585.4
503.319
33403.1
573.381
34590.1
587.153
1278.72
1256.25
1256.23
1321.86
1276.18
1280.81
1333.61
1273.25
1233.78
1266.87
1240.06
1322.75
1254.06
1244.13
1330.73
1309.45
1271.8
1236.55
1253.74
1229.15
1216.38
1247.57
1247.48
1236.24
1255.29
1230.68
1255.58
1267.81
1251.17
1247.95
1294.83
1241.42
1213.19
1219.6
1261.33
1222.9
1260.62
1245
1290.51
1196.73
1308.75
1219.21
1275.99
1234.68
1263.7
1253.45
1297.32
1235.07
1280.46
1268.33
1279.91
1277.66
1274.39
1266.27
52068.6
48943.7
20357.7
45158.3
26595.2
32809.9
33262
567.196
32943.6
518.053
1261.29
1255.77
1243.23
1216.37
1325.01
1224.32
1253.03
1244.84
1236.82
1199.61
1243.25
1253.15
1257.46
1278.32
1236.82
1263.95
1318.21
1228.21
1246.78
1203.29
1192.89
1231.72
1240.4
1209.21
1271.31
1253.4
1277.69
1232.69
1223.16
1262.02
1262.28
1235.48
1250.15
1211.46
1212.31
1276.88
1227.74
1258.31
16930.6
6155.29
571.456
32475.2
26092.8
578.072
32235.9
548.383
18658.1
1313.41
1280.79
1252.36
1258.04
1251.45
1249.2
1211.09
1253.53
1291.26
1242.81
1216.51
1287.86
1273.94
1234.99
1270.1
1256.26
1245.38
1256.17
1212.03
1249.15
1232.14
1270.02
1298.59
1246.82
33426.4
16377.4
29762.3
12745.1
16820.5
29319.1
608.311
31419.4
535.935
31599.7
514.716
32058
515.637
1256.59
1242.37
1210.55
1242.07
1219.41
1171.35
1195.64
1188.76
1178.05
1173.8
1165.25
1213.63
1189.49
1230.22
1238.76
1222.66
1265.27
1201.69
1226.97
1248.29
1223.13
1243.72
1191.43
1247.65
1197.11
1230.94
1216.35
1184.92
1174.84
1261.8
1215.67
1217.7
33484.3
22136.3
30917.4
14325.4
20807
26581
25680.4
25405.8
26312.2
25683.2
25942.2
25436.2
26092.4
26321.8
26029.2
26103.4
27713.1
26796
27816.3
27645.6
28680.2
27511.9
27685.2
27113.9
28697.3
27275
502.387
589.117
502.748
601.144
26042.7
551.09
492.895
570.825
472.157
580.708
490.339
596.715
26655.6
585.157
512.119
597.477
548.503
491.742
557.053
497.356
25768.5
501.145
575.847
464.52
579.375
482.201
597.757
500.884
27400
597.607
517.522
620.5
587.564
503.209
492.194
485.598
27557.2
601.756
503.671
621.472
504.231
540.745
615.648
577.801
26003.3
609.905
619.547
530.743
501.265
572.509
608.632
617.643
27374
599.461
509.824
517.151
540.735
693.177
575.275
607.088
27449.7
654.829
528.758
648.584
535.003
517.893
595.542
542.36
27603.9
557.264
505.183
605.605
589.137
637.318
488.124
631.755
27131.6
513.463
518.254
500.924
539.393
514.405
515.397
505.966
26850.6
494.038
582.311
582.853
492.164
493.436
605.805
591.954
25553.2
597.736
32213.7
22683.6
31013.3
15484.3
30968.5
38176.8
56198
37249.8
682.271
37135.6
606.517
36498.2
704.804
36829.7
587.133
37344.3
697.908
36140.3
719.999
36486.3
605.455
35180.6
684.427
36441
662.004
14714.8
1389.9
1489.97
1397.71
1402.48
1398.38
1437.56
1487.21
1415.59
1469.71
1436.22
1402.38
1394.06
1431.67
1451.36
1402.19
1344.03
1420.89
1335.55
1368.91
1310.59
1381.15
1352.34
1345.05
1387.87
1310.59
1370.55
1335.92
1374.66
1363.32
1334.35
1393.14
1354.69
1374.46
1311.17
1394.23
1361.96
1370.59
1324.78
1427.29
1319.36
1367.87
1377.61
1357.68
1398.97
1344.83
1327.51
1301.56
1345.08
1299.01
1308.27
1388.78
1371.77
1347.09
1305.53
1427.88
1364.03
1334.16
1435.66
1394.65
1479.01
1342.81
1390.94
1341.92
1314.44
1420.86
1298.58
1375.53
1328.54
1327.61
1340.89
1341.42
1305.19
1387.32
1344.38
1346.09
1330.27
1348.52
1377.34
1328.7
1379.63
1364.7
1364.11
1325.51
1361.87
1387.8
1336.69
1320.48
1356.05
35237.5
32914
33093
13374.6
22020.4
33272
671.867
36391.8
625.32
36312.1
631.604
36573.3
664.57
36300.7
562.876
36179.4
666.265
38324.7
672.549
38183.1
598.519
39247.4
588.345
38953.1
667.407
38544.5
597.015
38737.7
582.862
37330.8
633.429
36253.1
575.114
36058.6
659.008
34707.3
641.357
576.628
662.657
580.778
661.724
631.143
582.682
27988.6
617.823
588.696
657.915
653.786
562.305
673.451
569.021
27576.9
668.359
575.045
677.019
626.423
560.762
637.628
562.937
27866
651.681
659.379
621.011
672.128
659.48
623.717
11647.6
18213.3
14380.3
642.209
48636.1
37336.5
535.353
37522.1
549.055
36102.1
532.547
37091.3
554.568
37989.2
536.185
36938.8
644.074
37534.5
530.291
37025.4
636.537
38233.9
622.354
38500.2
626.032
36798.9
608.392
30186.1
640.145
23935
613.974
23084.2
526.563
6962.39
518.946
524.027
1312.09
1310.01
1333.82
1348.53
1328.31
1292.18
1264.16
1322.81
1312.31
1311.92
1289.17
1272.4
1272.04
1317.23
1244.94
1250.73
1282.7
1272.39
1249.9
1300.81
1301.8
1279.33
1292.45
1244.02
1295.38
1219.92
1265.71
1290.13
1280.16
1294.41
1298.68
1308.43
1303.94
1299.4
1286.88
1325.89
1297.25
1378.95
1329.4
1258.79
1315.9
1311.76
1327.3
1312.12
1266.68
1364.79
1243.86
1324.27
1240.38
1272.12
1249.33
1279.62
1254.97
1265.6
1297
1329.47
1258.15
1269.19
1237.38
1268.02
1239.22
1260.77
1326.06
1275.44
1318.08
1272.1
1275.92
1292.79
1301.19
1273.71
1284.7
1295.14
1286.97
1354.05
1270.29
1377.69
1247.99
1276.94
1312.8
1261.42
1311.76
1266.71
1266.22
1323.52
1289.79
1327.33
1319.02
1325.37
1286.62
1350.56
1281.34
4408.7
11795.4
629.63
23860
1458.82
1378.34
1344.7
1311.43
4387.64
9186.02
605.395
32872.2
27956.7
631.986
33471.9
604.402
33851.6
507.779
33721.3
518.274
33828.6
575.857
34364.5
605.895
34289.6
547.751
34127.1
520.559
34129
613.413
11002.8
1288.33
1243.69
1240.2
1259.67
1273.48
1259.61
1254.03
1283.1
1269.58
1268.97
1335.29
1310.5
1327.03
1286.55
1252.53
1243.13
1268.59
1238.07
1264.15
1245.17
1241.76
1298.9
1258
1263.92
1233
1273.49
1309.77
1275.09
1345.97
1255.31
1294.47
1339.38
1267.07
1251.95
1273.45
1382.38
1270.39
1392.23
1284.35
1299.24
1254.51
15786.1
12294.8
1893.29
4677.47
10096.9
1674.18
36874.7
15384.2
18972.5
32500.2
619.206
24181.4
1410.4
1391.45
1383.57
1295.21
1305.51
1309.65
1321.67
1423
1417.82
1364.8
1318.63
1269.3
27859.8
31997.8
12381.8
15642
32997.5
2013.74
15047.5
14351.3
14278.8
24716.5
26775
27584.9
28006.9
26970.1
27445.8
27615.3
28567.7
27756.5
28389.7
27240.8
27034.5
26603.4
27149
27133
27513.7
26182.2
27657.5
28246.3
28383.3
26556.5
617.883
626.363
611.258
511.197
27624.4
525.671
529.56
615.779
622.504
519.497
532.777
621.672
26469.5
539.894
643.352
545.907
610.436
647.271
639.944
26789.2
627.696
548.584
625.31
622.023
513.793
648.092
591.844
27248.7
644.975
607.73
641.077
559.74
545.947
539.503
517.442
26585.5
519.928
623.136
580.577
623.937
509.153
611.789
617.112
25798
599.752
562.004
505.003
595.582
557.554
506.587
507.78
1327.63
1326.35
1287.89
1294.16
1359.96
1277.13
1270.56
1343.15
1399.73
1264.55
1269.93
1288.55
1348.58
1281.45
1281.35
1279.86
1236.79
1289.59
1342.82
1261.4
1405.19
1260.88
1300.18
1277.14
1331.81
1271.02
1305.35
1312.9
1281.52
1302.32
1308.23
1370.51
1268.81
1272.29
1308.69
1260.63
1290.7
1262.05
1291.35
1273.31
1259.6
1311.31
653.285
14324.9
1378.71
1363.7
1400.7
1388.29
1411.66
1399.26
1396.22
1348.73
1391.55
1421.18
1470.31
1440.69
1415.21
1329.24
1373.81
1335.47
1447.45
1405.66
1470.05
1365.46
1362.7
1355.57
1445.1
1332.29
1344.69
1403.76
1341.78
1351.88
649.516
18181.4
33627.8
4580.1
20584.3
716.961
4789.44
12614.3
707.891
38639.2
35072.7
675.957
35370.8
714.055
36632.7
738.35
36311.6
621.211
36124.2
614.846
37324.8
704.964
1455.83
1410.86
1382.44
1423.97
1405.17
1508.26
1409.92
1415.08
1467.07
1409.29
1492.61
1456.74
1819.88
1529.27
1677.81
1952.54
1492.69
1413.44
1560.77
1510.59
1476.44
1532.87
1497.85
1481.38
1449.35
1410.44
1456.35
1537.12
1570.78
1422.41
1443.58
1481.94
1533.41
1406.45
1435.44
1348.01
1474.16
1393.61
1365.67
1424.38
1360.25
1441.76
1350.51
1415.21
1350.66
1441.38
1363.15
4644.43
10171.7
704.312
22270.6
1367.96
1367.8
1410.16
1444.29
4776.85
619.136
30972.9
28862.7
690.169
36602.3
564.761
18627.8
1436.62
1420.9
1399.79
1503.65
1456.61
1564.47
1413.29
1499.35
1498.56
1436.97
1402.48
1402.16
1483.39
1508.45
1423.11
1394.55
1442.78
1395.06
1436.19
1307.04
1361.52
1425.57
1338.65
1374.85
4692.99
25907.1
32332.5
27652.2
27463.5
29261.5
27651.6
27929.1
27894.1
29288.7
28532.6
27852.6
27447.4
28616.7
27497.6
27464.4
26986.5
28792.9
27622.5
29603.4
28167.6
29194.4
29348.8
619.858
650.649
567.999
667.608
28809.7
635.975
649.315
565.542
633.84
588.005
572.68
648.293
29341.1
551.922
593.357
560.791
542.5
687.343
638.23
576.197
28858.5
648.183
530.441
674.935
627.385
662.727
569.882
680.087
29141
671.397
697.667
603.089
702.067
588.606
673.16
659.9
28471.1
645.477
585.418
683.454
696.565
571.036
678.012
584.827
29424.1
569.191
656.081
685.339
578.111
741.839
685.76
591.542
27694.3
565.813
686.23
577.911
675.977
584.727
632.547
673.161
29253.2
643.522
563.358
647.211
619.386
544.755
639.704
626.082
27168
542.84
644.995
540.254
642.13
542.98
636.045
553.244
27381.8
593.257
634.141
610.517
704.754
545.918
653.826
544.484
27144.8
558.937
647.942
543.743
624.398
542.018
625.201
531.805
27950.3
606.176
4563.24
11573.8
649.827
33410.9
565.282
33086.5
641.588
33043.4
518.485
33962.5
580.166
27613.9
1345.83
1286.41
1333.98
1302.77
1286.07
1321.72
1400
1284.5
1275.88
1313.07
1279.05
1284.36
1261.12
1292.76
1288.26
1225.92
1265.52
1290.81
1223.37
1306.07
1306.57
1276.46
1307.98
1315.59
1319.53
1286.36
1296.47
1337.07
1287.38
1282.97
1289.16
1305.01
1338.18
1367.12
1292.52
1314
1272.31
1266.66
643.071
664.581
35819.2
690.751
36243.1
27042.7
669.482
34454.9
679.485
33424.6
575.406
33206.1
560.381
33384.8
665.824
34130.4
637.739
33459.3
569.572
660.552
659.529
653.987
648.744
28965.4
567.217
668.099
668.519
561.925
625.22
576.548
28503.2
651.321
555.741
562.165
686.241
686.411
644.314
28883.3
683.003
665.603
623.807
586.271
684.166
708.311
28432
588.315
669.552
669.322
678.513
668.209
695.723
29107.5
735.484
577.711
690.069
581.56
691.854
584.015
29284.1
593.447
672.359
1369.74
4710.44
12241.9
720.61
37851.1
34356
658.466
34206.9
626.573
34870.1
608.181
34651.5
632.727
34491.6
520.239
36698.7
628.949
35659.8
534.491
34379.6
546.649
34665.9
629.921
35774.2
651.751
35049.9
519.066
33342.3
514.486
34096.5
545.557
34839.7
535.263
27713.9
604.382
521.111
527.014
620.308
602.518
609.725
546.699
19263.4
654.799
664.12
684.496
634.762
537.859
1355.61
1303.73
1335.48
1318.66
1344.15
1291.74
1318.32
1335.84
1318.12
1343.43
1301.17
1268.7
1274.62
1260.91
1349.51
1318.03
19087.3
18133
23284.8
616.199
65800.2
33245.5
33144.3
600.263
32689.8
618.023
18408.3
1343.38
1297.21
1341.72
1268.64
1254.48
1348.75
1364.5
1300.34
1306.17
1317.11
1338.06
1378.52
1330.25
1431.75
1272.43
1377.55
1306.22
1347.81
1325.29
1327.6
1403.7
1315.62
1284.13
1369.25
1328.33
1353.76
1382.28
1373.06
1299.97
1284.59
1373.04
1246.22
1333.11
1278.59
1308.37
1294.08
1558.57
23563.5
14569.3
18238.7
662.627
36740.9
600.614
32675.1
668.5
32689.4
641.328
32550
625.852
18592.5
1304.7
1231.88
1423.18
1351.06
1323.4
1387.03
1307.44
1306.88
1292.9
1399.69
1307.69
1303.38
1361.36
1395.09
1330.94
1392.48
1337.43
1337.18
1245.41
1443.85
1326.37
1347.01
1304.59
1341.96
1265.03
1452.68
1284.28
1362.71
1369.55
1375.57
1329.18
1332.52
1274.81
1384.31
1272.29
1274.11
4585.78
13017.5
9407.44
40662.1
26409.3
26176.8
27451
25872.7
26729.4
27174.1
26799.4
25712.4
27284
26819.2
26279.6
26047
27703.4
26523.9
26405.5
26265.9
16272
639.824
17495.8
616.229
16194.3
629.911
17436.6
536.075
618.955
617.252
554.007
16279.4
517.051
636.597
532.476
633.91
522.734
625.841
507.298
16142.3
517.612
637.809
528.989
636.176
522.243
505.505
603.43
16112.6
505.545
503.169
507.85
616.911
629.139
602.307
507.579
16149.3
501.996
591.222
589.949
515.678
495.1
584.947
614.285
16223.8
545.858
505.024
521.17
589.658
576.227
515.708
528.176
16188.6
613.042
630.302
513.222
518.735
505.525
604.002
615.908
16246.1
494.017
504.001
500.192
653.075
608.592
626.683
606.296
16474.9
619.657
599.621
523.987
534.922
519.126
531.544
613.693
16525.2
513.313
515.948
525.791
606.386
615.107
606.778
531.735
16745.3
618.725
575.276
612.772
594.67
593.307
602.979
535.553
16916.8
498.839
585.429
552.343
486.15
486.25
643.021
589.639
16579.8
510.957
4410.54
9059.12
648.604
29001.2
27101.3
591.923
32923.9
601.425
32938.7
581.289
33085.7
554.377
32824.5
606.227
33194.3
606.106
32978.8
493.637
32509.2
524.147
31895.5
558.657
31746.3
490.92
34563.1
505.414
35920.5
579.665
35426.5
615.959
35239
513.964
35318.3
593.347
512.641
595.512
597.035
583.975
29441.3
593.608
515.407
491.072
502.888
574.935
579.796
29369.1
599.892
547.491
504.613
501.214
607.179
625.981
29016.5
518.014
603.35
584.577
596.474
580.187
504.924
29443.6
584.426
512.28
574.012
490.239
490.179
592.064
29367.5
496.484
614.616
557.674
519.596
606.407
491.602
29516.9
593.527
534.03
616.991
568.69
532.497
612.06
24995.5
517.071
519.888
600.944
519.597
519.326
593.036
1360.06
1258.13
1335.75
1259.09
1273.99
1263.87
1316.09
1279.2
1316.92
1329.14
1310.84
1299.67
1258.22
1259.03
1311.54
1292.52
1323.58
1403.95
1341.56
1364.47
1348.99
1382.62
1379.88
1345.95
1381.99
1366.09
1377.8
1432.1
1363.4
1414.03
1335.65
1347.82
1310.92
1348.21
1359.74
1367.43
1362.13
1447.9
1376.52
1355.99
1429
1375.83
1351.27
1333.05
1340.07
1347.04
1349.52
1348.22
1374.38
1333.33
1326.03
1336.01
1373.47
1332.32
1341.59
1326.5
1384.54
1422.21
1387.7
1363.05
1358.56
1408.24
1384.39
1338.17
1386.16
1327.01
1396.81
1422.82
1370.49
1340.22
1332.11
1420.03
1387.11
1391.21
1392.91
1425.95
1375.55
1341.66
1371.46
1373.21
1398.2
1348
1465.56
1369.62
1318.04
1448.61
1403.42
1378.74
1345.61
1451.89
1448.29
1458.05
1417.74
1373.02
1378.84
1327.71
1319.7
1425.24
1336.29
1338.41
1398.28
1372.41
1330.83
1326.9
1362.78
1358.36
1326.35
1391.43
1347.03
1362.44
1408.72
1394.36
1323.23
1374.52
1321.82
1359.49
1297.58
1372.14
1348.78
