781.099
549.175
765.333
3940.45
3187.18
4559.81
12253.2
42911.3
38904.1
1638.25
1650.49
1672.96
1475.86
927.958
8963.89
21952.2
13737.5
40923
38483.5
1609.95
1533.09
1575.7
1523.68
1524.3
5972.72
9833.41
32258.7
28966
29013.6
29860.6
28287.6
28343.9
27077.5
28096.2
25837.5
570.254
25978.1
26397.4
28185.4
28044.8
564.921
28344.6
524.107
27205.9
26597.6
25916.1
28467.1
553.505
26246.7
558.707
26793.2
513.763
26173.2
558.456
498.668
616.67
489.618
26680.9
495.341
557.975
489.498
638.601
558.517
489.156
570.193
24862.8
518.214
529.239
474.142
481.85
535.834
630.723
535.173
24830.8
507.298
545.827
547.09
545.627
545.747
481.209
486.39
24909.6
474.072
476.187
479.645
480.577
595.843
467.166
470.603
24724.6
516.509
505.223
525.47
542.68
600.924
495.662
543.462
25089.2
501.635
572.869
474.222
466.285
533.93
557.283
461.513
25586.9
527.405
558.165
561.653
527.415
474.633
474.863
476.778
25265.2
541.728
554.928
519.687
568.569
473.15
485.318
539.563
26429.2
505.123
555.319
536.686
494.259
510.536
544.715
504.182
25940.3
465.251
512.129
540.104
468.318
568.559
537.168
564.761
25947
477.911
500.944
526.984
500.433
511.238
547.541
525.23
26262.1
541.627
1179.09
1254.06
1480.35
967.549
808.813
1207.58
1328.38
1136.5
2902.48
683.604
50258.8
7198.17
666.796
1082.28
742.62
686.612
3570.27
4361.18
542.459
31169.1
24382.4
522.934
30888.6
492.966
30464.8
549.095
29443.6
477.219
31275.8
547.681
31479.8
516.35
31755.7
505.364
30511.6
540.315
31122
532.296
31362.8
494.489
32577.7
514.164
31064.2
541.638
30716.1
489.007
31595.1
576.558
31538.9
26726
558.918
488.906
26287.9
514.274
471.135
582.181
27414.2
525.921
544.474
567.076
522.434
575.546
533.098
26396.7
546.359
552.814
1815.98
1714.23
1921.53
1842.22
1789.97
1854.68
1916.96
1732.83
1862.87
1825.02
1764.68
1883.53
4783.19
1838.85
2629.48
3998.45
1802.78
4379.62
1958.19
1929.9
1949.01
3890.48
3009.2
1973.84
3353.5
1779.46
1963.5
1993.81
1793.58
1819.88
2395.88
1890.96
2005.24
1846.85
1907.82
2338.18
1879.03
1969.43
2147.07
1828.45
1929.73
1886.39
3528.92
1900.09
1807.27
1852.91
1772.02
1821.06
1726.04
1711.93
1780.27
1817.79
1802.11
2990.36
4220.8
1746.59
4265.18
8651.73
4290.68
15526.1
4134.19
473.821
33070.9
3050.93
1329.72
11313.4
30085.3
33379.6
31154.1
30432
31208.7
31358.5
31148.9
30828
32398.3
32180.6
31878.6
31461.6
31833.4
31126.4
30625.8
30913.1
25900.9
545.667
485.048
489.107
491.472
543.412
498.989
25061.3
482.151
489.979
569.562
480.817
521.561
482.421
544.294
24784
502.247
550.187
543.452
481.429
497.115
564.2
4467.41
11289.5
521.541
28514.2
548.102
31533.4
527.134
30989.3
489.879
30907.7
510.375
32499.7
585.889
31463.6
505.624
30657.1
504.372
31387
548.062
32727.1
511.307
31470.7
494.609
30635.6
467.367
31913.1
480.888
32366.5
489.377
31504.4
597.587
30619.9
515.819
32414.8
579.645
565.844
497.396
542.921
546.489
552.913
590.139
25697.4
568.67
625.761
635.725
607.709
598.318
589.838
563.699
25772.6
655.67
599.901
565.963
543.081
515.548
551.58
650.338
26748
510.235
517.743
518.494
516.85
530.242
523.596
614.105
25884.6
507.71
522.884
538.2
601.045
625.981
613.162
605.995
25361.1
504.602
506.777
529.891
514.526
541.116
522.143
524.979
25400.4
517.132
516.84
603.45
592.575
531.334
508.401
518.304
25594
620.068
609.173
619.567
614.646
621.221
611.248
517.262
25399.1
515.276
509.774
500.393
646.79
624.769
626.964
510.075
25627.5
526.643
610.346
624.919
658.507
530.332
522.965
518.495
25418.3
568.911
520.789
620.78
601.616
611.659
503.159
613.193
25393.8
634.02
614.646
517.933
505.875
505.153
610.988
616.521
25759.2
540.445
573.331
634.832
522.413
626.513
606.307
613.153
26821.6
587.924
511.619
510.436
657.875
634.712
531.514
620.539
26134.6
498.609
501.886
514.656
519.938
524.819
496.964
514.444
26657.8
616.33
614.877
576.047
628.227
606.627
615.508
626.964
25788.5
537.879
621.472
579.505
601.816
636.586
559.028
608.812
25639.3
525.972
499.761
613.473
600.534
597.326
651.831
601.986
26591.8
587.353
575.205
617.112
521.712
610.787
612.722
611.689
25418.8
579.675
604.192
592.655
607.219
499.21
629.099
629.701
25026.3
507.91
523.135
511.328
494.9
518.143
488.345
471.897
25188.2
614.315
538.34
571.356
562.536
487.503
475.505
521.732
24974.2
530.432
509.724
590.721
573.822
603.3
601.295
581.84
25041.4
583.855
491.582
567.377
607.138
503.7
499.591
529.59
24994.9
547
540.054
496.865
527.174
507.339
608.922
593.247
24858.9
527.675
539.242
535.423
521.01
515.317
506.477
501.465
24934.2
646.278
642.961
596.423
507.239
576.247
542.96
547.682
25249.6
602.528
528.778
575.596
603.651
574.513
493.507
547.231
25347.8
608.692
609.012
601.867
521.882
518.274
518.976
524.768
25480
606.978
577.17
537.268
598.649
630.934
484.706
508.732
26218.2
583.624
496.193
496.805
586.982
514.745
493.456
602.879
26134.4
485.267
495.201
492.274
478.512
579.204
578.312
594.409
25849.2
481.83
497.406
512.691
584.697
604.823
488.124
566.645
26316.6
617.702
499.17
509.033
619.267
597.777
592.194
519.527
25382.6
533.83
511.959
618.875
507.108
481.569
499.04
544.926
25293.1
590.681
552.723
478.522
592.314
594.58
477.97
484.356
24971.6
567.176
477.51
535.744
587.854
615.448
496.634
534.02
25094.7
488.174
577.851
518.013
557.514
492.344
581.088
569.242
22478.1
535.263
587.624
496.193
531.064
558.527
595.181
1279.53
1283.44
1179.15
1336.84
1218.37
1234.22
1294.6
1303.08
1301.5
1235.13
1198.99
1250.46
1226.83
1242.35
1234.89
1266.72
1253.22
1327.26
1247.73
1262.95
1259.93
1228.96
1274.72
1284.57
1375.56
1204.77
1248.82
1286.86
1307.78
1246.79
1292.64
1234.01
1319.15
1297.43
1253.03
1295.03
1353.1
1240.3
1250.11
1284.22
1299.21
1197.12
1227.2
1232.34
1206.85
1261.67
1254.6
1294.96
1311.9
1307.96
1261.65
1267.92
1196.81
1248.08
1224.97
1283.26
1230.31
1273.15
1304.67
1233.03
1225.39
1213.83
1268.47
1289.62
1250.91
1282.91
1253.66
1250.34
1254.56
1263.24
1273.26
1254.36
1221.85
1290.89
1257.87
1268.19
1247.06
1322.21
1210.15
1239.01
1281.89
1291.35
1230.42
1213.91
1238.02
1310.96
1260.73
1242.43
1290.59
1208.92
1256.75
1235.12
1252.61
1258.94
1283.49
1256.22
1232.78
1236.44
1226.49
1243.08
1232.37
1271.73
1253.82
1238.17
1174.58
1249.73
1237.19
1204.08
1247.4
1200.62
1229.18
1276.92
1231.67
1263.54
1249.08
1288.79
1324.33
1297.64
1278.82
1290.42
9170.9
489.738
4412.55
11840.9
520.74
38224.2
501.324
35644.3
581.038
37273.1
496.804
36864
490.901
36471.7
499.019
36600.4
581.44
36748.5
504.502
37033.3
479.425
33274.9
540.916
33201.6
486.631
19393.8
1241.66
1225.13
1201.38
1154.71
1190.78
1192
1173.51
1229.44
1246.18
1155.84
1138.1
1146.79
1166.43
1287.79
1222.19
1187.61
1260.62
1245.05
1235.19
1260.86
1268.87
1244.77
1199.03
1164.96
1202.86
1313.22
1188.98
1211.95
1273.49
1289.83
1226.99
1214.69
1238.66
1307.41
1216.98
1313.83
1202.41
1168.43
1171.42
1220.66
1172.93
1182.37
1194.58
1170.53
1192.61
1219.12
1194.28
1190.26
1155.15
1129.92
1135.61
1185.94
1192.11
1200.04
1186.71
1197.74
1272.94
2252.4
1897.62
2070.27
1678.26
1918.31
1503.3
2073.7
1503.39
1422.89
1449.39
1935.91
1405.04
2290.43
1803.84
1375.08
1244.72
1328.11
1257.34
1252.02
1516.09
1261.51
1295.91
1213.43
1233.69
1203.98
1317.33
1202.83
409.643
5029.31
13490.2
570.254
34688.5
589.428
32686.1
588.495
32751.5
477.901
33003.3
541.287
31082.8
463.798
30835.8
478.813
31879.9
581.479
31542.9
481.679
30384.5
469.652
30676.3
490.109
30543.5
547.471
29917.6
1262
1239.9
1245.23
1241.11
1279.25
1205.11
1279.6
1259.76
1271.36
1337.91
1290.66
1259.04
1250.08
1289.38
1276.03
1244.96
1248.42
1231.88
1241.15
1300.47
1246.91
1256.88
1288.59
1252.7
1289.81
1352.2
1348.27
1463.15
1337.72
1458.47
1354.95
1389.69
1259.1
1394.32
1260.28
1398.83
1353.21
1353.51
1319.4
1358.76
1289.99
1422.73
1313.58
1335.5
1217.85
1331.99
1232.76
1346.68
1270.1
1367.12
1309.2
1323.69
1310.99
1371.69
1381.67
1349.48
1398.2
1369.48
1411.72
1352.43
1374.04
1452.78
1550.15
1381.42
1403.48
1332.79
1459
1392.89
1384.06
1342.45
1428.64
1429.01
1485.81
1433.16
1432.51
1385.61
1378.81
1407.95
1478.61
1394.18
1461.36
1369.57
1489.18
1423.01
1451.28
1362.04
1374.73
1343.91
1347.47
1347.98
1367.05
1472.06
1411.56
4585.34
10301.9
1613.66
4543.68
637.248
25211.2
25729.4
25961.9
23428.4
1329.95
1241.02
1265.71
1237.91
1267.3
1254.03
1354.33
1271.35
1258.52
1283.22
1269.86
1205.06
1189.44
1287.88
1226.72
1251.26
1420.49
1290.22
1299.19
1347.5
1263.4
4833.79
1687.06
1227.79
5469.77
15183
2130.05
21315.2
2163.5
1583.53
4538.43
590.26
31788.7
618.184
1247.2
1298.17
1246.01
1303.81
1319.14
1264.93
4539.67
11582
633.44
36642.6
510.005
33176.7
604.582
27637.9
655.51
1333.18
1297.91
1312.89
1328.48
1321.21
1351.51
1390.72
1342.35
1256.99
1301.27
1259.55
1278.18
1286.12
1282.97
1230.22
1286.86
1245.2
1300.89
1277.42
1255.79
1287.33
1293.63
2209.18
9881.21
4815.11
9463.89
24845.4
26732.8
26043.3
26519.4
25256.8
25375.2
598.117
25894.1
26751.8
25241
25177.4
522.403
24811.4
25143.2
518.013
25258.6
26768.8
614.465
24823.7
25102.7
25055.1
27168.1
26200.8
25714.6
25398.6
606.447
584.256
570.344
599.14
26030.5
507.97
504.542
561.534
540.215
486.781
522.483
595.561
27820
482.211
470.393
479.785
492.635
498.378
586.431
572.218
26221.4
569.852
585.839
497.275
487.262
575.415
496.945
531.815
26363.1
495.992
594.991
604.442
510.376
520.549
520.879
557.935
25811
565.713
579.294
591.192
499.982
480.226
527.906
496.714
25733.1
520.238
564.601
586.551
587.464
527.485
534.852
574.383
25698.1
489.136
491.512
533.669
573.762
560.701
574.644
594.74
25413.6
485.809
476.567
478.452
492.134
491.182
484.847
552.603
25884.9
581.84
594.058
489.558
502.948
493.907
487.443
582.221
26655.3
578.272
566.775
488.445
527.746
480.266
500.563
491.632
25226
476.267
592.565
564.941
506.386
505.485
566.164
598.899
25787.7
484.475
4446.47
528.538
27683.7
26409.5
561.733
32450.8
485.007
32276.2
505.034
32429.3
493.637
32328.9
485.097
32674.9
499.4
32570.1
484.075
25218.1
1192.62
1238.01
1299.34
1256.1
1254.15
1215.01
1275.66
1260.13
1166.01
1205.56
1226.07
1251.76
1223.99
1226.43
1268.99
1339.68
1228.5
1253.35
1232.82
1222.6
1249.13
1253.23
1205.38
1276.56
1227.37
1242.58
1266.7
1247.99
1244.83
1242.04
1233.95
1243.4
1318.93
1357.34
1437.59
1242.42
1285.04
1288.1
1301.7
1255.21
1268.59
1351.23
1295.94
1237.04
1290.19
1271.86
1248.06
1256.6
1282.97
1267.77
1307.01
1297.37
1253.32
1268.38
1330.4
1243.48
1243.98
1244.83
1260.38
1266
1252.38
1293.45
1225.63
1240.29
1244.48
1304.56
745.798
65940.3
4960.83
11164.2
6860.89
6051.62
5427.35
4771.24
4054.92
3341.88
2750.22
2069.03
349.465
4370.37
1420.92
7295.46
434.902
4458.37
571.366
34732.2
627.065
32902.2
646.689
32205
590.11
31251.8
561.964
22853.1
1227.77
1215.62
1194.97
1247.41
1179.35
1199.14
1174.27
1218.02
1250.73
1229.13
1271.36
1302.88
1172.95
1249.48
1226.68
1275.73
1188.23
1206.92
1228.35
1243.65
1235.12
1234.95
1225.69
1280.14
1206.83
1200.72
1293.21
1253.74
1257.54
1220.15
1198.32
1201.78
1251.64
1187.58
1165.34
1241.32
4349.23
552.433
4553.68
11806.9
580.888
22920.8
1374.27
1293.06
1278.35
1225.36
785.228
798.99
798.148
4477.62
26879.2
2063.36
1470.01
1941.66
4679.36
16952
570.975
47013.9
31962.7
482.071
33194.9
529.43
31312.8
494.92
32512.4
545.657
30874.2
480.627
33044.9
620.268
30825.1
486.771
32743.5
495.371
30926.1
482.592
32885.4
607.098
30934.5
475.255
32643.2
554.568
31114.2
476.728
32079.1
25062.2
596.424
482.762
609.774
503.981
582.431
575.726
508.811
25099.9
587.423
542.339
497.496
469.722
29489.8
594.991
514.766
494.229
567.437
637.889
545.396
29534.3
515.146
550.608
512.951
536.696
575.816
596.023
570.094
29560.3
593.557
529.931
625.11
539.843
489.026
603.651
488.927
28385.3
580.838
507.61
490.941
509.052
480.928
525.43
476.207
26126.9
632.397
593.778
574.434
599.451
578.983
608.893
483.503
25774.3
510.355
626.553
496.042
571.145
481.92
536.195
619.727
25871.7
488.024
623.266
483.695
546.098
525.921
468.139
477.41
25020.5
499.21
576.067
605.455
550.137
482.041
506.567
488.204
25067.1
502.919
577.319
596.945
580.377
577.32
585.78
589.317
25035.6
602.869
623.215
484.446
475.505
474.573
476.187
470.303
25709.8
630.291
539.302
575.065
477.329
555.39
569.511
589.748
25360.4
608.642
495.341
492.174
489.427
562.275
586.902
578.412
25452.5
602.749
568.76
559.258
585.879
593.888
583.343
578.312
24978.2
585.649
595.822
578.864
577.731
578.633
528.467
585.929
25118.7
658.497
536.817
528.107
541.747
586.972
638.802
577.53
26231.4
525.541
592.876
515.427
498.258
492.765
598.188
574.603
26169.7
478.262
506.367
614.536
494.449
499.3
512.912
482.501
25501.8
537.147
487.553
539.322
532.687
499.571
484.776
501.065
26694.4
604.943
589.899
576.218
557.785
578.543
564.521
599.13
26941.5
552.032
506.286
567.557
536.195
551.861
543.552
521.11
26879.7
526.854
538.19
647.542
478.392
556.702
572.188
599.571
25512.1
559.399
471.637
563.869
557.755
615.648
479.284
475.044
25266
501.916
483.444
486.43
487.463
493.828
499.541
485.859
25315.8
606.296
616.079
602.507
545.387
547.872
552.833
607.179
25144.1
628.368
588.254
491.181
487.192
492.674
490.49
481.61
25258.7
527.906
491.853
612.28
637.057
626.793
478.001
586.811
25684.2
577.811
572.549
577.811
590.951
587.974
540.766
532.828
26774.9
605.716
471.045
553.275
574.182
612.922
565.251
587.854
25579
603.61
621.271
590.379
556.131
579.655
486.14
580.116
25086.8
596.544
580.777
591.512
475.605
587.002
581.459
513.162
25174.4
529.33
508.832
544.474
474.152
501.766
477.39
488.314
1282.24
1375.41
1305.57
1315.42
1340.9
1397.94
1282.31
1279.38
1300.33
1349.81
1278.48
1258.59
1321.15
1412.91
1246.17
1329.01
1331.57
1375.87
1233.45
1397.19
1297.06
1384.76
1270.6
1426.13
1271.36
1404.38
1275.66
1369.48
1305.71
1415.05
1327.44
1385.22
1311.38
1451.52
1314.34
1391.89
1338.94
1344.83
1246.59
1368.47
1287.71
1493.78
1313.84
1326.94
1274.81
1397.84
1267
1491.53
1312.03
1404.94
1330.69
1321.56
1286.02
1259.68
1259.25
1316.62
1349.29
1367.58
1228.4
1227.16
1259.35
1266.89
1335.66
1268.8
1404.61
1237.39
1292.22
1254.15
1209.78
1210.58
1262.02
1278.48
1298.82
1297.56
1261.57
1369.81
1198.58
1240.2
1311.33
1312.51
1281.2
1289.41
1268.23
1246.06
1274.92
1272.19
1307.49
1347.93
1289.13
1292.97
1282.82
1327.7
1319.91
1269.22
1268.51
1343.96
1387.62
1288.74
1245.95
1273.96
1229.8
1247.52
1321.15
1311.42
1278.9
1275.16
1262.59
1267.09
1255.62
1277.55
1304.81
1373.83
1275.63
1269.46
1246.31
1255.87
1259.9
1284.85
1312.22
1343.19
6006.51
11657.8
639.563
30792.5
538.751
31985.2
505.154
31689.2
600.684
31018.6
475.375
31109
529.209
32768.8
572.258
32005.3
559.078
31779.3
483.544
31567.1
498.178
32674.9
517.101
33565.5
535.634
32649.8
504.582
32520
527.966
33418.9
603.029
32199.6
535.704
32377.9
610.226
493.376
569.502
482.963
503.009
489.237
601.475
27169.2
559.759
547.08
569.702
589.538
599.972
561.774
628.628
29138.9
610.276
496.704
497.065
566.225
572.338
585.619
592.094
28917.5
568.419
596.313
485.277
646.74
534
510.566
4926.8
4301.2
1352.39
4445.8
1425.97
801.446
4446.91
11938.3
548.423
36259
620.309
32276.5
614.145
31766.8
519.236
31235.8
481.409
30635.1
473.23
31970.7
561.563
32793.3
562.425
31861.7
468.308
31096.2
538.721
32998.1
540.365
33104.9
610.747
33026.4
577.309
31091.5
496.504
32561.8
493.427
32476.5
575.075
26793.5
492.775
574.885
593.187
498.127
546.228
597.937
479.284
26055.3
480.948
589.127
471.005
480.828
577.119
576.117
492.304
27150.8
491.091
551.229
522.193
564.491
478.993
483.284
27446.6
611.799
468.89
524.348
588.365
530.512
511.919
837.219
2036.84
5256.35
6607.56
9276.62
25395
25225.3
25725.9
6791.54
1215.06
1177.51
1131.05
1162.43
1186.71
1250.65
1226.93
1182.87
1185.12
1174.12
1139.45
1202.85
1180.33
1168.52
1194.4
1202.58
589.066
4505.08
1899.57
4493.65
9420.34
605.735
29271.6
13606.2
1252.86
1260.35
1193.23
1240.21
1256.85
1236.14
1184.29
1222.4
1156.93
4346.91
10346.4
9327.07
650.118
37294.6
27038.7
537.558
31017.8
1346.85
1294.12
1384.28
1310.85
1392.18
1315.52
1323.34
1296.58
1251.04
1288.14
1271.45
1246.54
1325.08
1253.88
1299.44
1295.47
1285.55
1279.54
1284.04
1018.03
5163.84
9408.61
649.676
29857.9
26720
31953.5
610.757
35242
484.676
33049.9
489.497
15766.5
1331.58
1434.55
1406.78
1337.45
1516.68
1329.46
1440.22
1466.8
1314.26
1268.94
1358.98
1323.76
1301.94
1299.82
1293.36
1404.15
1305.94
1314.44
1332.75
1360.42
1344.45
1714.02
1320.64
1451.96
1389.89
1410.89
1290.44
1408.88
1427.79
1425.76
1296.69
1308.92
1279.85
1323.27
1407.23
1296.05
1243.32
1378.49
1327.82
4786.48
11533.9
563.087
29454.7
513.012
31109.5
542.389
31104.9
524.709
31074.7
528.147
32890.1
481.318
30754.5
570.073
30585.7
488.225
30921.5
478.472
32462.2
588.164
31085.4
480.187
30902
484.556
30988.2
571.446
32590.2
478.192
30845.8
564.681
30898.4
499.21
30664.5
531.214
598.929
482.732
542.49
562.847
489.046
546.91
24984.8
597.185
502.838
633.78
484.186
496.363
485.639
492.885
24986.7
573.651
530.742
536.656
494.048
574.103
567.487
474.754
25088
532.085
586.682
506.536
553.445
592.915
494.87
556.823
25039.3
638.942
519.797
556.772
582.391
597.196
575.666
497.095
26323.6
601.415
593.568
604.653
490.95
487.393
478.543
493.316
26035.9
514.105
506.297
536.676
580.347
501.836
481.118
577.721
25960.3
569.822
577.22
482.932
484.225
522.303
586.612
596.324
26103.8
588.045
540.134
519.075
549.025
593.918
489.888
501.896
26202.1
617.222
493.407
508.31
501.445
554.929
591.913
588.616
26383.7
555.741
499.31
503.84
675.657
630.172
523.947
541.046
26330.2
665.703
510.346
511.448
555.029
585.969
586.591
495.692
25594.8
563.568
578.673
552.343
643.903
516.249
546.259
639.232
25552.9
575.586
651.882
531.033
545.136
522.243
561.954
591.874
24951.1
689.959
640.515
584.236
526.322
522.083
534.271
559.659
24966.4
504.001
635.955
539.463
515.518
527.004
606.607
572.8
25775.5
515.497
515.808
574.163
606.306
616.049
605.304
590.741
25842
581.299
524.679
517.482
520.218
572.619
632.958
605.605
25324.9
670.645
531.424
667.938
579.455
650.739
527.996
524.889
25122.1
538.55
548.603
678.303
643.061
622.243
606.046
619.638
25307.8
516.65
592.565
558.547
564.229
547.481
696.805
547.18
25767.4
639.974
556.091
603.159
589.678
491.171
490.771
527.826
25134.2
617.693
603.069
567.838
584.477
584.426
594.689
503.82
24973.5
492.665
498.298
497.245
524.638
578.552
527.435
498.428
25286.8
571.226
625.05
491.963
560.592
505.535
508.761
577.049
26339.8
506.186
513.734
512.561
501.796
504.703
534.572
585.078
25014.7
623.597
475.736
578.503
543.151
594.96
596.023
612.12
24931.7
607.149
644.965
650.378
628.007
611.108
602.678
606.748
24909.5
598.448
580.467
561.673
506.637
485.909
513.512
530.582
24826.5
494.88
511.629
507.669
477.149
495.07
527.154
488.726
25809.1
590.12
516.76
633.589
508.071
475.846
597.757
488.525
25200.8
586.029
542.179
589.848
532.056
538.31
507.429
540.285
25116.2
576.338
470.233
489.718
656.583
639.122
591.222
591.181
25291.8
561.864
532.998
608.943
500.001
540.946
500.974
505.344
24950.8
575.776
548.884
633.098
506.847
504.031
484.937
489.157
24906.3
592.524
590.119
501.144
488.886
493.998
491.191
571.567
25674.2
489.888
585.268
493.637
648.644
590.771
506.727
551.41
25213.2
603.671
616.049
512.2
506.186
505.645
529.299
554.658
25415.1
637.689
532.978
626.283
531.936
574.804
529.119
588.145
25808.9
612.591
508.952
543.542
550.618
573.631
559.8
638.992
25239.4
511.087
505.414
481.789
483.022
604.382
485.378
634.772
25000.9
551.059
526.343
628.537
666.966
625.892
629.6
647.281
27546.3
532.416
509.885
763.448
676.488
498.518
496.473
513.533
25733.2
593.367
682.282
615.778
586.32
586.932
588.446
762.236
26255.8
573.611
563.808
573.611
575.966
520.88
624.949
616.841
25744.5
582.051
519.506
624.058
537.859
513.413
508.592
556.592
27115.4
666.185
495.531
494.319
532.597
518.224
532.025
520.509
27323.4
585.118
596.032
610.747
617.091
633.71
621.19
678.212
27516.4
661.113
644.134
607.8
524.157
515.788
580.828
587.944
26715.5
622.263
584.205
584.908
580.688
599.822
613.984
521.081
27902.9
649.135
579.284
664.3
517.011
597.035
511.809
583.033
27035.7
499.591
495.241
622.995
507.449
603.41
516.259
562.215
26692.6
508.271
483.794
481.991
509.724
580.878
493.156
560.16
26625.3
488.806
525.28
506.827
520.639
612.461
619.026
620.169
26207.6
619.828
545.387
515.077
584.927
613.704
621.602
610.787
26058.6
486.701
516.169
501.686
524.859
502.688
507.68
588.916
26164.9
516.58
583.754
598.128
599.03
609.524
605.394
603.51
26363.4
486.761
577.51
601.485
608.502
585.037
606.848
611.769
27541.2
494.338
526.924
512.4
535.182
632.748
603.31
606.778
26658.8
482.422
521.391
615.277
547.841
512.491
629.801
604.332
26477.4
621.241
616.971
626.945
515.578
551.801
582.732
516.018
27594.5
605.194
614.786
632.537
620.369
536.515
611.078
634.581
27756.1
588.326
515.227
523.416
511.297
522.112
594.76
611.779
27917.7
593.186
641.337
605.735
650.839
548.443
508.391
658.326
27463.8
589.267
627.927
525.38
604.342
603.941
634.592
653.024
28090.4
509.373
525.27
548.052
589.588
621.873
620.559
540.635
27311.8
497.275
617.131
534.511
637.629
513.653
619.417
616.671
26838.5
493.437
513.744
494.97
549.395
589.478
613.202
15747.8
22468.7
44154.3
10180.4
28971.7
24243.4
13857
41462.5
33309
527.896
33868.6
542.32
33185.2
590.45
33753.7
584.506
31351.1
587.814
32255.2
504.111
31300.4
552.252
32700.6
573.231
31366.9
494.389
33584.9
508.572
33059.6
575.826
33621.2
499.691
33145.1
492.094
32294
1400.34
1364.61
1332.31
1354.5
1301.47
1340.07
1352.65
1381.01
1350.44
1380.16
1332.79
1291.81
1280.78
1302.9
1288.49
1280.7
1280.22
1322.01
1346.45
1343.43
1354.17
1376.85
1289.31
1281.93
1336.06
1334.9
1439.93
1321.81
1294.92
1396.61
1347.42
1348.99
1444.67
1343.61
1333.79
1330.67
1379.46
1296.3
1295.88
1298.48
1419.3
1287.42
1324.73
1272.22
1393.31
1314.64
1408.38
1336.92
1348.97
1359.05
1340.85
1397.82
1361.62
1342.55
1392.93
1401.79
1370.51
1330.6
1334.32
1392.75
1329.33
1356.04
1364.61
1366.58
1274.48
1372
1414.47
1411.75
1350.42
1379.53
1349.42
1339.04
1326.05
1307.89
1388.05
1327.15
1346.54
1368.8
1336.33
1364.91
1377.33
1309.6
1292.64
1333
1335.32
1330.1
1345.04
1327.71
1328.81
1330.36
1345.06
1340.52
1374.4
1321.29
1341.63
1317.9
1316.29
1334.75
1352.24
1330.48
1394.03
1322.39
1358.61
1347.88
1401.11
1323.51
1335
1313.6
1292.94
1282.57
1297.86
1310.96
1301.77
1271.47
1301.51
1298.3
1318.39
17640.4
32703
23111
45509.8
25470.7
510.816
31161.4
542.108
30876.5
511.629
31187.4
611.468
30904.1
477.961
31051.9
533.008
32018.4
592.625
31167.2
509.062
31720.1
513.252
32461.2
600.854
33378.3
621.421
31862.4
605.345
32536.1
607.479
32910.5
517.332
31960.3
640.536
609.254
524.037
650.709
657.043
27032.5
594.539
619.396
597.977
644.525
601.796
603.73
27585.7
615.177
600.423
697.787
631.575
657.584
540.334
26853
626.553
618.284
611.87
612.21
605.625
618.785
26588
607.74
613.062
615.658
649.216
718.375
628.718
27064.1
617.422
521.05
522.323
521.912
518.023
609.133
28398.2
528.287
609.765
624.178
669.292
622.063
609.393
30055.7
654.628
653.706
544.915
658.658
615.848
545.246
29379
541.477
601.516
610.727
627.886
602.217
603.46
30663.3
652.283
613.914
641.086
536.766
672.258
602.438
30542.1
660.141
531.955
609.404
608.151
613.653
666.676
29848.8
526.132
642.53
657.134
540.635
541.657
521.722
30090.5
612.871
618.324
539.803
541.347
655.43
684.146
30312.4
678.182
631.254
628.317
634.612
528.909
643.573
31735.6
568.168
544.735
638.301
635.323
614.655
508.762
605.514
29506.5
560.661
500.944
624.338
586.16
645.878
662.395
638.27
30127.4
554.568
506.757
570.153
625.13
617.382
607.339
29873.9
511.227
594.8
508.531
544.685
541.046
516.039
645.647
30283.3
556.672
529.619
671.477
621.321
524.679
539.242
30639.2
576.578
584.316
567.688
626.092
594.319
604.593
30104.9
599.491
600.984
512.4
601.897
508.341
524.478
29983.2
530.662
529.861
575.686
504.382
592.765
583.244
29924.6
557.043
603.18
604.011
511.989
508.832
532.967
30219.4
621.933
529.981
536.075
545.115
586.622
671.717
668.068
30430.9
675.395
572.97
638.44
665.052
581.76
628.287
29990
578.573
651.751
683.274
576.287
652.613
662.486
30129.4
547.14
633.93
607.069
552.894
551.862
644.324
30282.6
625.832
714.937
649.817
697.226
563.218
671.467
29623
654.468
648.264
676.598
647.742
677.049
555.119
30882.9
668.61
611.458
572.849
559.288
665.142
641.538
31724.8
567.036
576.568
572.308
588.576
547.902
660.993
29335.9
549.325
548.022
649.355
675.176
584.776
585.96
29983.7
529.86
546.649
619.136
639.714
629.6
609.213
30654.5
612.652
633.93
666.846
653.445
629.62
642.309
31850.1
563.458
640.585
540.485
541.006
631.063
632.146
30567.6
573.812
680.547
553.545
529.118
593.667
544.243
28735
689.589
689.558
542.72
526.042
651.33
653.405
28209.5
573.952
639.744
537.037
542.64
529.239
635.534
27843.4
546.599
588.175
624.769
663.919
647.381
646.609
28888.5
569.211
554.798
618.254
576.477
535.935
551.12
29199.4
564.21
570.634
606.207
664.932
668.029
653.536
28129.3
575.676
547.1
547.942
603.77
574.583
634.06
27654.5
557.805
633.519
660.23
675.125
638.38
676.469
27730.9
555.079
579.945
533.98
664.65
644.013
638.29
27647.1
525.812
534.281
535.874
526.613
573.07
624.168
27950.6
549.255
540.094
530.903
525.15
578.062
662.396
27429
548.183
533.88
544.724
526.472
561.133
555.108
28401.6
528.006
612.471
610.657
630.983
533.84
660.551
29012.4
642.881
567.778
626.513
535.624
632.006
517.612
29758
621.702
521.21
619.146
622.434
558.677
612.13
31017.1
599.731
626.874
535.393
614.906
544.916
617.893
28931.2
640.946
544.124
631.043
646.629
548.714
519.947
27625.9
523.897
603.791
613.964
585.82
616.27
522.534
27716.2
616.24
609.734
544.835
538.45
518.524
563.619
28421.7
617.251
626.965
628.908
618.365
591.974
618.655
29390
518.144
528.457
641.237
639.864
618.194
614.295
30077.8
541.778
529.971
625.902
540.004
535.684
599.1
29144.5
519.407
532.015
520.509
627.726
606.297
612.1
28528.1
640.445
530.482
574.633
536.205
508.341
506.878
28626
579.174
598.508
623.336
512.962
507.78
610.666
28571.7
517.342
546.99
526.734
621.872
643.602
547.701
28513.2
507.96
615.798
591.793
600.634
526.252
513.633
28556
520.098
510.115
526.062
534.822
526.503
591.692
28795.2
543.482
541.387
549.045
596.845
552.933
633.329
30077.4
559.249
533.078
569.161
632.608
519.086
512.079
29927.6
634.151
608.101
597.907
617.512
503.159
507.028
31850.2
627.786
603.059
603.561
601.565
530.232
611.228
30107.6
602.358
627.325
634
524.93
516.871
517.923
28372.8
537.007
513.823
512.15
591.011
612.251
623.105
28451.3
531.354
623.336
521.401
536.877
523.356
524.358
29297.2
536.846
536.115
509.504
513.072
498.448
528.477
30183.3
598.489
579.083
617.853
620.269
537.638
512.07
28797.2
510.807
512.761
527.395
504.563
12640.3
16627.5
42557.5
1792.81
6366.26
642.57
15990.6
11296.1
19288.9
522.002
31015.6
2923.52
1243.56
1310.49
1280.64
1201.18
1235.41
14371.9
12367.1
18332.8
14150.5
21124.5
612.451
39577.8
33239
560.501
32921.2
633.118
31560.8
482.532
32989.8
588.415
33107.5
500.643
33686.2
514.295
1254.01
1272.96
1266.32
1287.94
1305.08
1253.51
1356.06
1250.99
1228.7
1250.99
1246.14
1279.48
1265.74
1289.09
1280.91
1207.43
1215.42
1242.92
1222.77
1261
1304.75
1256.6
1228.55
1240.74
1213.22
1255.5
1245.67
1200.17
1301.71
1289.83
1264.29
1220.67
1211.47
1266.64
1289.22
1233.77
1299.4
1256.52
1335.76
1232.92
1229.09
1267.08
1291.6
1313.74
1219.34
7348.91
17689
12583.6
15421.9
10811.5
18858.6
24927.8
25907.6
25017.4
26668.9
523.125
24807.3
25003.1
26047.9
24932.9
25409.8
26042
24687.2
25579.8
24781.9
26498
26169.5
25461.1
25146.1
27102.1
25669.3
27157
25253.2
479.795
539.122
558.386
572.038
25749.8
487.784
472.479
560.18
568.83
561.353
485.899
485.488
25771.8
575.756
605.104
503.479
478.372
582.482
556.512
25302
527.345
477.419
577.43
484.536
496.032
568.42
571.005
25426.3
472.539
560.882
563.899
468.599
486.531
477.67
534.241
26048.5
583.795
573.461
594.049
497.796
597.135
476.217
498.879
25427.8
485.598
563.438
492.855
492.624
558.727
591.392
562.776
24965.4
471.877
566.063
600.022
511.508
476.477
575.666
555.991
25117.2
510.927
633.89
490.971
608.131
589.799
480.717
541.798
26518.7
584.155
483.023
542.309
598.599
488.916
496.343
517.622
25678.9
508.561
514.144
555.289
534.661
593.497
590.45
465.362
25081.4
599.11
492.695
523.346
528.217
535.444
524.207
488.305
24908.3
567.607
10664.3
10006.2
19756.5
10055.8
16636.5
21033.2
23847.7
579.795
39245.5
643.964
35412.1
474.814
33299
487.192
34855.3
473.962
33856.6
553.414
35134.3
503.72
20260.4
1240.92
1235.21
1215.11
1219.61
1229.68
1236.12
1166.9
1190.93
1229.31
1216.19
1213.63
1197.46
1217.92
1173.92
1237.15
1225.11
1198.12
1238.51
1234.17
1205.46
1178.27
1246.49
1227.8
1185.22
1216.07
1191.86
1177.09
1223.56
1168.65
1257.03
1251.44
1267.44
1207.83
1198.86
1244.78
1193.95
1198.96
1204.55
1259.51
1209.32
1232.45
1219.24
1238.43
1202.95
1161.25
1218.3
1245.85
1199.87
1207.74
1160.73
1223.65
9311.38
15361.6
14027
25097.9
577.45
35792.2
490.56
32709
574.273
31885.9
1336.21
1330.69
1369.27
1314.43
1306.96
1307.63
1427.05
1303.37
1294.94
1315.85
1328.54
1262.42
1266.25
1257.12
1299.71
1261.71
1299.68
1345.03
1335.31
1321.02
1376.69
1296.84
1283.57
1302.81
16117.3
18106
529.359
38450.4
604.462
31970.9
577.4
30721
485.97
31900.4
509.393
30585
624.429
31446.9
486.2
30957.6
494.309
31587.3
30661.2
472.198
30724.2
577.591
32274.5
491.141
33055.8
512.501
33183.2
597.005
34035.7
569.371
34248.4
577.871
27368.5
570.665
514.075
492.454
564.891
575.917
572.027
499.169
27223.8
543.302
605.826
565.231
604.632
497.867
615.859
539.903
26683.9
500.082
551.781
556.121
582.792
598.559
625.009
524.859
28481.7
535.654
559.098
558.166
523.485
526.694
557.113
630.231
27958.9
653.215
580.437
543.312
518.825
603.14
569.101
625.23
27603.1
491.482
598.107
612.521
619.066
612.069
620.279
661.033
27482.4
590.65
582.902
514.465
501.364
510.356
502.547
641.278
27443.6
667.497
618.424
552.062
533.358
581.178
560.511
627.345
28122.2
543.922
596.334
517.242
605.113
596.474
621.973
627.565
28121.9
524.528
662.146
614.355
584.948
629.059
657.775
670.895
27236.9
672.358
578.563
556.291
574.092
570.614
684.287
644.986
26940.1
675.817
664.471
639.694
666.846
634.411
690.06
679.796
27180.9
651.601
579.565
645.286
587.513
670.505
587.373
610.135
26980
695.031
683.484
562.606
672.74
605.144
652.683
681.34
27154.5
700.925
670.815
589.388
594.048
548.413
684.998
713.674
27030.7
593.427
572.469
578.683
691.322
557.053
551.741
684.015
27328.2
631.444
643.493
698.489
668.46
571.186
564.942
669.853
28029.5
648.354
632.206
680.899
579.114
565.974
656.973
709.174
27181.6
719.497
668.129
702.348
713.102
667.968
697.246
680.879
26964.3
632.807
645.858
649.767
663.94
678.513
692.545
709.043
26718.7
684.186
684.366
678.934
686.09
650.949
699.922
683.124
27766.3
652.022
530.462
638.792
536.586
644.294
656.291
688.956
28190.7
697.477
671.597
726.454
579.365
658.457
584.587
607.088
29692.8
718.405
678.603
673.832
580.858
588.867
592.785
569.552
28219.7
651.49
676.408
674.744
659.479
670.094
660.742
667.378
28206.3
652.533
550.328
618.415
550.808
624.829
564.901
647.982
28013.8
535.944
666.415
565.051
547.862
553.585
634.011
584.947
27983.1
557.975
667.027
555.87
674.143
645.537
647.201
566.735
27683.6
537.749
624.589
562.205
647.351
525.631
660.652
573.621
27813.6
583.203
650.028
561.313
656.652
623.175
549.646
679.685
27831.6
673.311
566.365
668.72
650.177
584.446
646.81
640.616
27873.3
575.756
657.795
639.412
556.773
621.081
583.635
661.533
28374.5
571.296
588.987
629.55
531.154
641.368
549.626
648.123
28283
647.1
636.166
538.831
606.697
610.456
539.823
603.209
27191.2
637.679
633.529
646.73
634.551
560.932
598.639
617.102
28347.3
639.563
659.95
650.688
626.493
633.359
632.838
715.578
28342.2
582.712
551.861
582.272
574.212
664.46
579.745
594.76
27297
657.374
683.063
658.978
550.247
571.586
568.99
608.872
26782.8
565.563
565.854
599.541
637.589
638.771
596.925
640.195
26582
657.444
632.126
612.832
570.814
559.519
537.428
625.761
25341.5
574.072
528.658
533.289
588.977
583.524
529.249
567.948
24970.2
589.638
582
566.595
594.639
637.759
540.264
646.328
26117.8
586.11
581.509
573.481
591.462
612.571
621.823
613.343
26751.5
622.304
530.512
563.388
602.217
506.105
533.278
511.949
25733.4
539.633
524.698
577.661
607.018
611.98
624.91
613.824
25808.1
572.298
623.756
656.933
534.923
567.266
649.887
592.735
26012.9
523.085
528.518
572.399
565.964
588.957
510.837
518.805
25744.6
627.044
511.729
522.123
511.708
587.263
614.856
621.893
26707.2
609.644
598.589
599.491
601.475
594.429
523.707
519.788
26269.1
528.788
619.968
604.923
628.167
657.685
596.865
502.277
26184.4
617.543
602.729
516.099
506.597
540.765
618.314
589.077
26060.2
580.157
610.206
627.134
509.684
525.37
576.508
543.351
26022.1
503.911
490.6
489.387
611.068
491.062
502.748
604.433
26785.8
501.205
580.567
612.371
622.052
620.028
508.602
506.095
26957.6
604.633
591.572
531.173
512.691
559.82
581.269
585.699
27723
599.581
528.968
589.017
566.335
618.675
615.117
599.13
28786.3
517.862
497.025
519.818
482.882
526.513
508.461
502.407
27744.1
490.931
582.853
483.674
513.222
569.632
571.295
613.843
27823.7
589.227
590.961
563.227
504.552
574.613
494.529
496.664
27392.3
552.402
491.061
579.635
584.616
494.539
575.245
544.645
25894.5
579.776
551.15
608.973
557.193
583.865
508.381
602.999
25865.2
568.449
595.732
518.023
503.4
582.542
588.015
562.817
26004.7
522.975
493.066
597.125
620.921
517.823
559.63
544.734
26765.6
571.156
500.603
543.402
578.663
614.666
517.713
542.68
27511.7
568.9
646.499
593.186
487.584
530.912
493.005
558.616
1277.14
1340.58
1382.66
1312.62
1297.54
1341.2
1339.92
1306.16
1444.87
1303.8
1281.02
1290.96
1289.21
1267.44
1342.8
1321.34
1306.52
1316.94
1283.6
1339.28
1358.53
1281.9
1296.64
70043
6277.92
5299.98
4638.92
3891.3
2934.08
2124.95
177.088
10306.5
31101.3
10532.2
13883.5
49161.9
35331.2
633.469
34705.5
645.758
35307.3
634.742
35504.1
609.785
35307.2
542.359
26212.5
1336.22
1371.6
1322.78
1324.08
1350.51
1394.09
1364.28
1274.93
1341.49
1371.68
1347.49
1349.63
1355.89
1408.55
1271.79
1357.45
1270.47
1303.78
1319.79
1335.42
1365.23
1394.37
1319.77
1273.97
1346.69
1321.19
1278.92
1317.21
1369.68
1374.76
1356.28
1293.2
1382.54
1301.37
1313.69
1272.21
1395.28
1332.8
1355.14
1340.75
1351.92
1323.72
1317.8
1348.9
1428.83
1408.3
1386.98
1397.75
1359.31
1352.57
1345.66
15167.8
13798.8
545.015
36875.7
651.32
35200.9
615.548
35240.4
622.373
23079.3
1432.43
1341.45
1300.84
1327.74
1308.92
1341.94
1387.95
1321.24
1313.07
1354.28
1416.28
1269.14
1283.07
1304.77
1398.29
1364.69
1343.6
1320.26
1339.94
1353.72
1335.92
1378.45
1384.6
1361.17
1366.04
1370.65
1357.42
1394.01
1306.72
41562.9
13903.3
25933.5
32026.5
644.094
33968.2
509.704
33537.1
519.096
32928.5
511.869
33912.5
517.442
33028.6
512.079
33404.4
603.901
33141.1
537.768
33180
604.552
32299.4
588.155
33417.7
511.899
33547.6
531.444
33792.5
617.502
33893.8
512.049
34257.7
600.894
33255.4
534.441
606.316
645.036
536.215
600.624
613.503
615.537
27236.3
524.779
519.116
513.853
516.62
520.8
626.623
602.679
28457.4
635.524
524.859
652.302
536.486
603.65
611.859
571.847
27195
538.46
641.739
525.531
575.255
587.754
614.466
609.153
27559.2
605.004
613.142
515.949
526.522
612.571
515.047
616.961
27528.3
632.256
522.774
587.874
605.194
531.554
574.733
519.787
27199.8
603.771
502.718
512.952
508.982
632.176
608.111
608.09
26785.7
618.785
609.604
634.942
546.238
592.615
530.031
584.116
28903.9
521.401
525.851
630.052
524.007
555.289
524.438
644.926
27059.1
648.614
540.956
639.203
614.175
541.257
544.925
634.712
28106.9
624.358
544.134
535.132
663.779
623.757
545.226
542.6
26692.7
602.247
617.051
537.327
535.824
511.378
570.574
607.599
26235.6
601.446
662.115
649.236
635.333
637.448
626.092
651.16
26877
630.953
624.388
570.875
529.811
533.629
580.167
618.685
28405.1
598.679
516.158
520.058
621.151
603.44
620.479
562.296
28297.1
604.191
552.563
595.642
515.638
611.789
568.499
607.75
26017.1
519.456
598.639
511.067
574.704
514.646
606.557
598.719
26263.3
591.131
676.999
684.277
668.37
580.698
652.764
693.627
25928.6
653.334
665.693
562.856
642.841
546.519
529.62
629.5
25637.6
586.47
672.268
568.48
607.199
658.537
639.663
640.916
26346.3
546.389
632.937
559.118
564.731
624.348
540.525
560.721
27308.9
629.27
666.375
656.582
649.616
595.12
548.253
563.288
27052.6
512.781
618.815
604.111
545.306
596.093
520.65
680.688
27422.8
659.219
638.119
559.589
646.83
571.115
654.498
566.686
26689.3
537.519
626.804
534.762
526.763
616.761
591.783
540.645
27206.3
523.296
600.513
614.997
582.401
531.053
587.072
577.149
26702
520.027
595.461
593.808
523.025
585.419
594.229
509.974
25904.1
596.434
581.74
504.402
569.942
516.971
590.029
578.162
26117.4
616.33
499.47
490.71
511.488
494.669
490.239
589.448
25237.2
529.259
593.798
597.707
505.203
496.985
510.185
560.32
25539.6
592.475
513.172
610.176
522.243
615.438
507.459
558.026
25865.3
604.422
599.911
505.595
541.968
617.062
500.824
501.065
24881.7
496.023
595.181
533.88
511.959
525.982
514.866
511.238
24995.5
530.472
498.288
513.262
504.603
477.56
605.405
509.894
24938.9
580.026
502.939
503.089
568.119
574.062
597.426
495.642
24930
518.915
510.837
482.812
494.239
494.028
486.481
526.072
25306.6
582.482
607.47
527.154
529.911
533.98
515.979
606.777
25007.1
604.422
594.55
607.248
544.655
571.427
508.822
510.115
25267.1
561.022
492.645
500.422
583.444
603.591
594.961
523.325
24833.3
534.622
563.669
617.994
497.485
503.289
501.846
486.57
25306.1
608.18
534.01
531.664
600.443
611.047
507.428
576.408
25309.3
526.543
492.665
509.884
601.115
614.445
491.212
492.956
26494
583.013
494.97
505.484
600.934
506.016
571.908
499.921
25809.6
613.965
504.041
539.112
501.214
553.054
497.797
611.799
24935.2
600.112
483.945
597.466
485.819
526.583
610.777
506.236
25018.9
618.053
491.332
482.341
562.636
597.586
587.082
515.097
25135.1
607.559
494.239
499.5
542.72
513.724
581.55
640.154
28879.2
603.63
582.221
486.04
588.124
508.641
594.67
512.781
27956.5
598.218
598.228
621.542
578.683
508.592
627.155
524.628
28214.4
560.361
508.542
626.112
613.934
615.368
581.189
521.18
28821.2
583.895
522.494
509.865
608.471
501.636
610.727
635.444
29225.3
532.337
489.969
501.706
576.678
531.705
615.367
582.261
28913.6
607.61
500.603
498.117
635.464
580.387
591.873
583.464
30060.8
505.625
579.726
503.289
533.439
571.486
472.649
534.702
30315.4
491.101
587.473
480.236
497.456
600.934
486.33
497.305
29287
489.538
607.068
485.028
605.535
542.45
591.663
583.244
29700.4
534.832
502.256
636.446
610.576
524.408
494.219
623.747
28623.9
584.687
494.779
561.944
501.816
566.555
583.494
615.648
29475.5
490.691
584.076
583.574
527.295
620.269
588.135
524.017
30051.3
520.368
567.828
614.686
607.359
530.071
606.226
543.03
30235.5
658.737
539.162
614.305
604.502
677.27
517.312
639.242
29228.2
521.211
607.81
555.209
508.511
545.326
571.907
669.462
29858.6
581.048
659.078
602.959
577.791
697.256
718.505
821.943
29737.4
659.118
657.484
650.899
778.724
662.024
602.377
637.859
29569.9
551.45
658.978
2802.75
560.611
583.063
643.652
661.474
28804.1
672.629
579.796
609.554
683.645
713.904
664.21
599.561
29112.8
614.957
595.472
605.294
648.343
590.189
583.104
567.196
21739.7
605.665
585.419
592.555
584.186
601.326
1367.14
1388.88
96295.9
28706.6
42852.5
63311.1
20770.9
10130.1
25178.6
14355.4
21994
43812.3
35253.6
642.991
34027.1
510.797
34874
640.095
35095.6
605.224
34073.7
609.143
34617
643.081
35984.1
638.19
34864.9
581.67
34381.8
636.436
35267.5
626.844
35562.8
547.511
34673.3
641.267
34410.5
544.424
35973.3
628.027
35222
572.398
547.26
541.738
543.592
544.243
555.489
680.808
26994.6
668.57
645.577
655.169
644.505
645.045
559.178
556.502
26733.6
654.357
673.451
653.756
630.562
634.542
659.188
653.365
26623.8
548.013
643.112
640.826
556.802
555.089
579.675
579.114
26638.3
555.7
658.748
651.651
679.816
579.926
615.518
595.612
26802.2
568.81
574.002
635.454
635.845
659.56
664.46
648.654
26699.1
579.013
538.41
577.4
586.391
608.352
639.433
653.075
26921.3
601.646
605.475
597.506
669.161
676.468
656.291
643.823
27335.2
657.885
646.108
611.358
685.098
666.535
661.865
575.255
27854.2
554.808
697.998
668.079
667.748
662.376
669.091
659.599
27378
657.214
707.148
583.996
645.928
647.601
637.989
593.206
27377.4
598.8
578.743
680.648
577.891
649.766
656.382
660.491
28089.2
594.479
549.225
653.405
576.258
576.388
578.333
561.313
27562.4
592.444
677.43
692.134
645.266
639.594
605.986
581.339
28078
635.754
658.266
667.468
661.875
675.286
680.568
690.009
26779.3
672.69
562.366
560.822
552.392
556.361
566.976
525.01
26971.4
537.268
543.001
607.59
606.407
645.477
650.117
623.787
27155
642.119
654.107
673.351
647.231
632.026
656.021
635.113
28907.9
531.535
596.524
628.768
536.957
638.431
525.109
557.514
27678.1
549.917
628.759
573.711
523.806
619.016
525.431
527.937
26938.5
539.182
625.01
525.651
584.457
526.954
780.257
624.889
26432.6
625.571
644.204
638.571
567.267
527.735
557.133
542.63
26425
648.184
642.099
700.403
688.386
732.146
543.472
638.42
28220.7
638.801
639.583
657.534
552.322
634.131
645.687
547.02
28166
551.43
553.846
536.315
542.751
546.279
536.756
646.048
28010.5
631.435
614.175
641.057
625.381
660.341
569.081
554.998
28588.9
546.809
555.861
592.394
645.386
534.491
530.822
537.248
28466.2
622.333
622.915
643.502
620.389
646.359
642.45
655.009
26871.4
631.134
623.396
636.285
531.724
549.165
555.74
605.034
26888.5
545.055
620.73
573.481
623.366
562.717
646.399
644.595
26265.3
625.701
610.987
637.689
614.816
665.322
618.194
615.468
26150.3
630.242
592.164
611.619
559.609
607.499
643.382
643.984
26649.1
540.404
537.478
546.349
570.053
660.23
625.38
645.076
548.022
583.303
1296.4
1304.22
1297.69
1318.59
1308.05
1363.93
1265.66
1382.94
1313.25
1317.6
1331.43
1409.9
1389.54
1389.7
1359.44
1338.72
1295.09
1296.27
1303.66
1377.54
1350.7
1407.12
1366.58
1325.87
1389.86
1328.09
1323.42
1308.66
1246.46
1311.13
1268.31
1285.34
1268.86
1270.84
1289.2
1260.26
1304.02
1338.74
1303.11
1286.08
1257.94
1288.66
1287.64
1294.11
1309.15
1242.46
1245.49
1288.71
1301.73
1274.62
1304.56
1236.82
1272.29
1318.07
1268.68
1362.48
1260.37
1303.32
1259.19
1303.32
1320.94
1283.9
1345.46
1374.36
1349.58
1290.42
1354.47
1287.81
1358.2
1272.45
1304.62
1322.73
1285.24
1323.75
1368.13
1349.11
1313.53
1345.87
1395.54
1348.04
1324.54
1331.14
1382.13
1319.01
1326.05
1351.15
1305.22
1258.49
1396.06
1369.72
1282.84
1319.06
1307.69
1254.3
1278.91
1294.11
1285.89
1308.43
1246.14
1257.7
1244.17
1229.19
1237.05
1458.31
1308.11
1202.34
1247.48
1265.53
1287.76
1290.56
1278.21
1294.93
1277.58
1277.33
1283
1279.4
1326.02
1317.44
1332.51
15447.1
34723
10921.6
25831.2
28799.1
1261.54
1295.93
1285.45
1265.37
1292.45
15223.5
26270.5
36149.9
610.115
33878.5
507.529
33647.2
511.388
33686.5
507.679
34009.9
511.458
33693.7
514.896
34068
498.899
34143
507.369
34184.9
588.907
34199.1
492.374
33989.1
570.745
34009.6
519.396
34051.1
502.257
34236.8
518.123
33013.7
529.62
33399.6
588.306
595.07
500.012
510.145
511.879
509.062
520.8
27561.4
541.928
506.748
535.724
506.447
596.714
552.814
600.733
25841.4
603.45
600.894
607.168
595.472
587.373
505.314
524.909
25667.1
585.509
549.545
524.478
504.993
593.187
572.439
603.139
24761.9
528.066
599.771
525.841
516.821
585.198
613.684
1330.54
1265.56
1303.05
1304.78
1347.94
1266.18
1303.09
1273.57
1284.08
1263.23
1319.31
1231.43
1296.61
1319.52
1318.66
1318.02
1293.44
1284.09
1266.95
1256.42
1290.87
1290.26
1341.35
1415.5
1293.18
1303.1
1290.06
1287.92
1298.37
1269.88
1308.1
1259.12
1270.24
1243.76
1280.71
1355.6
1280.11
1260.76
1285.2
1297.05
1280.91
1327.4
1297.26
1275.26
1318.98
1301.1
1276.52
1266.98
1259.12
1258.87
1291.74
1256.93
1309.95
1337.16
1230.4
1342.66
1326.79
1278.57
1318.37
1306.02
1199.05
1224.63
1258.49
1257.76
1292.94
1268.81
1204.3
1256.66
1264.61
1281.54
1292.55
1293.4
1315.42
1308.93
1320.99
1247.66
1283.42
1264.39
1246.06
1373.08
1259.8
1234.04
1361.01
1248.9
1289.97
1254.76
1342.67
1261.89
1276.25
1329.97
1353.99
1304.56
1283.83
1295.68
1299.18
1342.31
1256.02
1328.68
1262.13
1271.85
1281.44
1298.08
1229.97
1286.06
1301.53
1296.74
1301.51
1411.93
1288.83
1264.68
1301.48
1288.27
1352.28
1360.22
1320.63
1276.02
1318.52
1289.06
1268.21
1330.1
25371.7
60695
6441.51
5459.12
4382.66
3625.15
2930.26
2200.3
1483.31
19947.9
23748
15899.6
21540.7
614.786
43158.5
547.812
35734.3
499.009
34527.4
575.866
35162.3
501.815
33726.4
583.303
35181.1
502.608
33548.3
486.06
33809.4
485.428
34468.7
593.567
34878
493.527
33467.7
489.838
33414
538.691
35276.8
584.377
35231.8
515.307
35222.2
492.535
28281.4
593.818
597.387
529.459
475.465
584.487
503.871
589.689
28459.8
546.819
523.677
597.146
595.201
608.592
491.743
571.196
29025.3
499.55
495.903
507.288
513.653
578.563
580.608
30013
513.202
489.538
552.924
577.229
494.89
611.028
498.438
30042.8
583.143
516.169
601.185
482.421
482.572
558.236
535.393
29915.8
491.793
589.267
505.063
566.605
502.859
598.409
492.775
29519.6
593.618
491.543
549.134
579.765
563.969
486.621
500.302
28312.1
493.647
512.14
550.227
487.954
534.31
594.048
619.757
28285.4
582.241
507.489
495.632
473.881
534.922
578.112
513.693
28168.3
531.885
605.224
585.338
486.27
504.542
540.444
483.904
29769.6
531.333
573
577.41
569.522
601.646
600.202
582.211
28410
615.979
589.297
495.902
494.569
582.622
15946.5
27473.3
74881.1
10691.4
6941.21
6320.9
5537.31
4811.98
4181.86
3617.22
2774.66
2030.35
840.445
4530.78
9255.51
529.97
33577
550.207
31444
496.053
30910.6
506.346
31827.6
595.121
31901.6
583.694
32521.7
582.071
35178.5
582.762
37286.5
607.699
36480.5
535.944
37227.6
626.453
37320.7
621.913
35758.4
528.818
37040.6
635.634
36046.4
520.329
36428.5
611.629
36395.8
517.151
499.951
505.554
527.966
527.124
559.729
28376.7
575.787
483.825
584.076
569.773
481.73
801.025
475.495
28416.8
564.721
620.569
629.56
576.167
614.936
615.878
28348.2
656.772
629.711
589.227
647.452
681.55
639.463
27451.9
102080
10566.1
10291
10019.3
41151.7
5273.8
10240.7
7489.75
6631.73
5605.79
4860.43
4118.64
3288.42
2410.54
1022.9
23889.2
20510.6
12397
45294.8
16718
15029.3
64708.1
28970.8
26620.4
28837.3
26861.7
28147.3
26619.3
28172
543.322
27546
27601.2
27041
27214.9
26826.3
28306.4
26759.3
27624.7
26976.3
27757.2
29126.6
27767.2
27849.7
619.587
664.901
669.863
655.64
30548.7
555.029
578.031
561.243
618.254
561.163
584.266
638.832
29406.8
651.16
654.588
656.212
537.748
613.172
563.458
27680.2
615.096
643.081
581.8
653.796
619.076
620.56
624.288
27941
591.262
595.732
553.996
568.87
629.741
643.502
662.255
27841.1
661.794
655.5
670.064
610.837
581.86
644.815
565.984
28001.6
637.869
633.709
555.439
644.344
588.706
575.636
630.191
30083.9
643.752
554.287
578.703
613.473
652.433
607.569
565.523
28854.7
669.071
559.419
623.426
650.979
565.873
642.249
650.849
28682.2
630.482
646.86
553.044
592.194
563.328
620.659
632.417
28152.1
587.333
636.766
590.029
602.498
569.562
627.586
627.666
26863.5
658.737
574.653
639.162
626.864
637.809
567.687
639.844
27460.4
605.454
29902
20653.8
17381.6
24288.7
22013.2
13561.2
19150.3
24450.4
14707
29242.5
630.923
39924
558.707
36416.3
543.562
35681.9
586.731
37011
526.052
35429.8
615.267
35524.5
600.092
35474.5
538.189
37173.8
593.798
35345.4
529.86
35429
530.001
36443.8
619.496
37680.4
602.327
38590.8
38472.9
38580.6
533.82
32088.6
607.941
592.194
529.6
590.55
540.866
608.19
526.423
29956.8
539.062
594.4
667.989
538.501
586.44
521.051
30543.1
599.581
616.109
600.123
533.028
615.508
532.156
31336.4
590.941
556.382
590.42
599.21
527.626
539.302
614.215
31247.8
570.734
627.645
531.655
594.86
581.53
522.754
557.444
29519.9
577.159
624.077
613.333
544.254
583.805
613.012
561.724
30097.5
565.171
539.553
608.521
526.293
555.289
540.124
543.141
32889.8
648.564
674.604
660.812
585.98
656.593
665.713
574.293
32992.2
572.98
725.02
663.759
637.518
555.911
608.532
661.754
31503
679.565
610.997
654.368
633.008
653.014
563.548
661.644
32057.6
649.196
657.585
658.497
561.213
641.087
661.935
656.542
32494.7
682.603
651.942
671.537
663.699
584.135
19500.1
21923.1
26879.9
3965.13
2976.29
2168.47
682.612
24894.5
44799.9
24485.7
13696.7
17087.8
33516.2
29030.9
545.507
36078.8
654.457
35830
564.059
34051
580.778
32159.8
1249.65
1255.79
1269.82
1276.93
1258.96
1262.16
1351.42
1275.16
1286.71
1415.97
1331.1
1288.73
1305.02
1334.84
1464.25
1320.31
1491.25
1497.97
1490.82
1260.05
1303.71
1252.41
1283.46
1273.39
1239.81
1289.09
1302.7
1266.66
1286.55
1452.78
1247.51
1249.11
1236.13
1276.79
1296.27
1266.52
1265.74
1315.57
1258.17
1234.65
1290.66
1274.84
1301.23
497.015
529.159
17576.3
1235.41
1276.7
1286.67
1260.22
1281.15
1276.67
1262.66
1254.33
1277.83
1235.24
1232.44
1243.22
1358.85
1278.78
1296.76
1343.59
1290.08
1270.45
1289.78
1299.26
1263.39
1240.5
1274.1
1278.67
1240.14
1233.02
1243.53
1280.28
1336.26
1280.84
1291.73
1263.09
1452.16
1272.24
1381.09
1318.39
1275.64
1297.97
1307.44
1277.5
1265.35
1301.18
1250.46
38401.2
13416.8
25360.9
610.857
37347.1
546.78
34502.2
537.829
34623.8
576.568
34594.1
614.215
1289.13
1292.85
1264.79
1285.5
1317.15
1303.22
1291.13
1281.24
1358.43
1280.35
1283.62
1310.45
1295.09
1332.84
1358.66
1253.73
1308.64
1260.25
1241.32
1290.37
1343.36
1259.32
1267
1262.1
1267.63
1266.62
1285.04
1265.8
1341.42
1282.07
1340.65
24466.5
24561.6
311.297
512.19
10216.8
1270.76
1365.8
1601.82
1303.7
1303.57
1275.88
1313.18
1362.88
1469.2
1351.76
1288.18
1325.56
1498.76
1314.98
1350.25
1305.13
1383.17
1443.52
1265.3
1344.35
1333.92
1479.51
24598.7
26521.4
28043.7
12431.6
22369.9
32254.3
530.432
33751.6
600.834
32837.1
587.092
32535.1
603.39
32291.9
573.411
33961.5
461.884
32122.5
603.751
32878.9
601.215
34971.3
491.121
34715.2
592.635
32533
33841.7
503.499
34685.5
1255.14
1301.51
1203.46
1320.43
1260.43
1231.41
1221.49
1517.23
1241.84
1306.48
1253.33
1290.95
1264.27
1267.36
1329.93
1325.28
1363.92
1267.47
1297.88
1327.06
1253.45
1262.1
1305.41
1321.43
1355.98
1261.91
1313.56
1304.25
1351.09
1283.55
1292.48
1328.23
1304.69
1261.73
1360.48
1279.22
26530.9
2793.04
2039.94
23802.8
1208.27
37511.8
14159.1
4682.2
662.666
33671.1
28002
568.781
33586.3
626.543
27934.9
1439.38
1379.04
1442.36
1572.46
1327.92
1323.22
1346.56
1382.35
1399.41
1322.98
1337.71
1369.91
1246.7
1267.52
1297.59
1336.94
1291.84
1298.34
1361.54
1520.95
1309.45
1297.75
1283.28
1319.37
1290.04
1409.31
32706.7
30052.7
5943.71
71452.9
11346.1
24903.8
33576.6
34245.5
6044.13
1298.08
1345.64
1344.32
1386.72
1461.08
1364.93
1353.85
1405.1
1287.78
1297.15
1279.83
1349.76
1361.37
1348.56
29361.7
22670.6
5562.13
29182.9
21753.1
33945.7
620.82
17574.6
1265.65
1325.05
1332.97
1253
1358.14
1278.66
1312.87
1261.4
1244.13
1264.71
17430.3
16278
18523.6
3554.67
2898.01
2168.53
1013.44
32866.9
13242.4
4630.23
659.359
29780.8
782.252
31909.1
509.443
28919.9
1319.53
1302.65
1396.51
1573.75
1280.66
1343.37
1252.02
1253.66
1345.24
1304.52
1365.32
1308.17
1241.62
1292.63
1302.48
1345.13
1326.73
1338.83
1374.62
1289.55
1256.16
60953.6
18139.1
21954.6
41515
34920.4
626.313
14571.9
1363.28
1356.32
1420.39
1354.99
1315.97
1379.44
1341.76
1384.1
1645.28
1328.67
1503.37
1367.28
1360.06
1429.85
1309.55
1331.11
1352.57
23732.7
27527.4
19535.2
42260.7
34606.7
46083.9
37819.2
38803.3
38662.7
38287
37924
39394.6
38005.2
671.416
38197.2
38163.8
39444.5
37455.8
589.338
38588.4
38774.4
39983.1
32455.3
677.962
554.708
579.044
637.338
647.511
559.739
562.646
30955.9
661.854
568.349
648.824
581.821
568.77
641.227
577.851
31710.1
592.726
561.063
621.632
585.899
558.507
646.018
562.786
31040
662.165
631.594
622.334
558.977
551.721
626.102
670.024
31061.5
599.28
656.432
566.765
626.623
663.999
639.322
664.13
31433.4
556.782
601.586
678.904
590.981
623.456
572.068
558.978
31600.1
569.441
641.417
558.667
555.7
555.159
654.839
568.239
31600.9
659.419
597.967
636.295
556.402
658.236
579.205
662.937
21247
680.267
589.087
667.517
582.091
589.488
1328.96
1315.8
1397.68
1339.81
1301.41
1303.14
1295.97
1339.9
1306.02
1369.48
1337.73
1318.85
1322.29
1296.67
1358.12
1310.68
1304.7
1342.58
1301.33
1313.27
1368.1
1307.2
1294.15
1383.98
23263.5
44461.2
4689.37
3835.68
3150.6
2137.15
73460.7
59513.1
22170.1
41711.7
39548.1
39793.1
39981.1
612.25
38728
37334.3
662.836
37517.9
675.516
39054.5
649.246
38024.7
616.33
38830.3
764.22
39133.8
700.604
39296.7
687.283
40174.3
598.76
40928.1
696.996
39535.5
702.498
32155
706.147
665.583
592.876
657.384
566.555
654.779
573.771
32387.1
583.955
575.556
574.403
570.053
653.886
647.251
667.588
31950.9
558.296
565.723
663.238
553.976
639.283
639.864
560.32
32526.2
655.018
671.166
586.171
559.058
575.595
670.375
570.584
31480.9
560.451
572.659
645.367
562.937
675.826
641.388
666.044
32344.2
672.96
592.505
654.848
568.439
645.326
641.838
616.38
33164.3
629.269
583.794
640.515
654.979
584.676
661.965
669.141
32605.9
723.416
583.855
644.766
660.12
651.371
652.413
666.916
32309.1
586.481
574.203
646.559
560.782
646.429
648.694
578.352
32139
658.086
577.831
569.301
642.189
672.87
670.625
673.301
32022.2
591.042
564.981
562.736
556.402
556.582
653.635
655.57
32316.6
638.501
669.342
573.25
578.292
668.61
19345.9
26304.6
24389
25528.1
70227.5
12511.5
20800.1
40632
38850.1
569.562
38157
556.181
38119.1
544.344
37703.7
564.33
38495.2
629.51
38346
629.43
38033.8
540.244
38068.5
624.959
38123.9
636.176
37901.1
617.543
38194.7
630.252
31506.9
560.651
23065.2
666.215
23889.7
638.781
19713.2
658.597
635.343
639.734
660.651
545.506
631.444
621.642
19279.6
639.303
551.621
631.154
667.718
543.652
621.762
19281.4
617.032
619.938
544.223
633.089
634.04
553.585
622.554
18866.4
549.606
552.141
635.153
654.618
654.257
552.743
534.401
19655.4
549.054
623.887
539.232
647.803
533.138
631.244
531.675
18622.1
548.152
703.461
540.395
548.433
633.97
654.708
671.807
19515
556.211
620.369
633.59
644.444
650.017
601.286
632.857
19660.3
569.952
626.102
638.361
639.633
683.054
564.801
633.719
19311.1
552.292
638.27
667.367
530.793
669.071
638.371
528.467
18856.1
538.34
642.008
644.575
549.336
658.397
555.089
648.454
18698.3
641.117
553.595
618.163
537.688
627.786
538.38
624.368
18929.2
533.098
634.301
608.161
632.166
638.621
4467.27
12359.4
642.76
38813.8
577.52
34519
663.227
34058
656.723
11391.4
1299.81
1333.27
1370.65
1279.52
1357.32
1291.89
1376.16
1413.48
1284.09
1265.31
1378.72
1401.7
1271.08
1372.7
1295.88
1278.81
1291.33
1343.67
1303.3
1291.65
1380.87
1316.56
1320.57
1311.45
23296.5
14064.8
21395.7
32141.6
27797.3
546.759
34283.7
530.231
17175.3
1278.07
1326.45
1303.01
1313.66
1280.07
1372.18
1353.67
1290.59
1357.84
1361.92
1398.35
1309.46
1363.61
1334.69
1363.58
1358.14
1292.8
1313.28
1382.08
1279.07
1265.62
1339.41
1283.56
1288.71
19074.5
15297.1
31136.6
13693.7
23557.1
42761.3
31737.2
525.651
32142.1
670.585
32168.7
640.044
32324
606.317
33178.5
528.197
38219.5
610.426
38232.5
622.223
37372.6
675.165
37623
528.187
37395.8
524.629
38600.8
531.364
37436.8
618.485
1253.84
1251.8
1231.03
1212.31
1253.18
1199.52
1212.16
1225.95
1240.21
1251.01
1257.26
1215.6
1261.88
1265.33
1312.36
1302.79
1294.18
1331.75
1298.12
1367.2
1301.33
1270.82
1284.62
1272.22
1298.01
1305.19
1314.46
1254.81
1291.59
1315.43
1254.66
1320.94
1306.48
1310.69
35657.2
13478.9
23491.8
37543.6
715.539
36679.6
675.776
36855
563.919
35904.9
642.46
35416.7
665.242
35183
639.964
36281.2
568.069
36773.3
574.604
35968.9
595.873
37023.1
702.017
38596.4
36618.6
660.15
26240
1348
1376.65
1380.14
1313.72
1446.27
1371.94
1444.2
1525.57
1457.84
1336.08
1303.82
1377.21
1350.42
1333.71
1358.4
1379.61
1361.24
1338.25
1362.86
1410.13
1367.74
1341.88
1290.28
2377.84
1673.86
1783.8
1434.48
1433.4
1399.46
1395.56
1364.43
1501.28
1635.87
1350.19
1355.88
1377.85
16288.9
23996.1
13909
23765.8
36371.9
1145.35
37745.2
612.07
10764
1453.56
1706.06
1293.92
1280.13
1303.69
1310.49
1280.37
1264.01
1273.11
1250.61
1241.02
1312.27
1261.21
1287.25
1263.35
944.807
26500.7
4599.49
12895.8
584.086
33936.1
583.444
34410.8
641.086
14697.3
1346.24
1314.88
1306.2
1280.07
1292.76
1324.49
1357.52
1255.41
1299.38
1353.18
1310.82
1288.95
1323.56
1324.24
1295.49
1296.16
1291.03
27808.8
27118.8
10767.8
27109.3
28476.2
26724
27616.1
26821.7
27414.4
28150.8
27702
26488.9
27950
546.489
27865.9
594.91
28924.6
27026.4
28440.1
26828.9
27211
27092
27839.1
27917.7
27101
26376.2
552.944
612.772
607.77
584.587
28814.3
591.592
608.893
653.124
626.633
673.752
667.858
618.264
28539.8
644.315
639.193
592.104
623.396
569.703
602.027
28535.9
611.649
554.167
569.061
611.027
551.149
618.204
631.184
27775.7
586.511
615.007
657.424
556.301
564.881
621.732
673.301
28308.3
597.827
641.146
593.828
632.127
669.783
603.661
581.219
26965.5
620.67
658.557
582.953
617.703
564
577.831
642.941
26884.3
661.995
661.825
671.306
588.045
693.167
649.556
669.542
26856.5
596.604
611.989
631.324
628.688
582.722
596.474
634.892
27944
580.187
575.736
621.562
619.677
566.616
542.109
528.637
27653.7
585.989
546.419
589.568
628.528
532.798
608.581
522.955
28240.7
531.695
580.998
620.389
589.267
550.598
553.285
610.857
27350.6
574.613
24496.2
39248.5
18747
25729.7
37324.3
540.656
32879.7
594.439
32913.2
614.906
33094.8
533.68
25876.2
601.646
1311.89
1305.83
1252.73
1346.44
1342.05
1307.38
1343.73
1279.03
1245.58
1271.65
1254.77
1331.68
1274.03
1254.28
1268.36
1249.54
1283.58
1264.04
1275.18
1300.99
1314.16
1281.21
1273.32
1280.09
1271.92
1263.18
1249.3
1296.35
1286.08
1251.09
1305.1
1273.21
1293.78
1309.49
1343.61
1293.14
1341.03
25593
29427.5
542.098
554.297
33208.5
602.388
36196.7
28503.7
629.41
33811.1
619.347
35342.2
631.134
33801.5
567.908
34724.4
609.725
23957.1
1282.09
1283.04
1277.26
1274.28
1314.71
1298.17
1274.55
1275.08
1261.15
1289.38
1310.84
1298.67
1311.41
1278.44
1264.9
1283.78
1266.38
1298.62
1263.03
1305.68
1231.2
1283.67
1225.46
1255.96
1266.42
1311.16
1313.47
1278.53
1267.13
1285.92
1239.74
1224.18
1224.96
1327.26
1230.91
1271.17
1263.14
1253.75
1271.97
1229.63
1252.99
1284.25
1231.06
1259.27
1291.47
1249.26
1303.82
1383.2
29636.9
59101
3258.14
2101
385.387
19109.2
17581.5
38685
15278.4
20772.2
41109
526.633
34609.2
552.332
35027.1
633.84
34792.6
563.387
34958.9
650.468
34818.8
625.912
34626.9
549.215
1330.38
1335.18
1374.36
1382.2
1416.07
1315.26
1304.49
1367.01
1324.4
1326.27
1292.68
1307.4
1314.76
1396.41
1380.35
1284.45
1294.53
1277.72
1289.4
1400.72
1418.03
1427.99
1333.68
1399.23
1383.36
1339.96
1381.64
1400.8
1303.13
1341.3
1357.74
1358.83
1411.27
1334.26
1467.11
1361.6
1384.97
1311.94
1284.6
1386.92
1306.45
1396.64
1339.18
1315.04
2277.75
1387.28
1451.98
1331.31
1324.71
1302.04
1344.92
1289.02
1311.45
1408.12
1304.21
31466.8
19059.5
25200.4
51532
7005.33
2222.06
1402
22375.5
30544.8
23334.1
555.41
38837.4
641.939
37523.4
557.645
37989.3
543.322
38602.7
656.361
39093.7
648.814
38250.4
635.935
38019.8
656.893
37686.1
536.105
37325.9
542.54
36027.1
657.565
37025.2
589.307
37816.5
628.738
37635.7
637.288
39179.5
693.297
39816.6
538.04
32779.8
533.318
604.151
662.526
620.078
521.652
646.299
599.952
32509.2
634.191
668.109
634.792
696.173
625.952
876.87
522.855
32294.1
776.308
617.442
651.17
600.312
1170.14
538.852
602.077
32962.6
870.154
989.019
582.351
527.174
527.485
570.063
579.084
29787.3
508.041
522.433
548.784
541.558
493.557
514.806
602.077
29606.8
492.755
573.311
509.985
558.486
499.421
557.344
504.692
29892
513.703
557.314
499.331
553.656
526.112
558.576
555.911
28807.8
559.639
529.61
511.107
580.066
507.76
579.725
494.83
28480.4
535.714
564.209
563.177
517.121
557.394
501.204
547.882
29095.1
501.435
571.286
500.443
575.576
490.841
576.037
523.526
29813.4
498.147
516.54
553.415
505.996
504.572
563.899
511.047
28820.6
558.616
491.392
541.788
554.267
498.809
18274.4
12413.5
1531.73
27960.9
23898
11520.6
25336.9
31741.2
25614
528.176
31697.4
558.155
31909.8
502.768
32049.3
569.552
31717.7
593.066
27398.1
517.542
20453.4
544.956
20072.3
504.001
20408.3
549.767
20522
580.096
19908.1
542.75
19757.3
494.289
19386
555.009
19354.7
569.071
19239.7
507.158
515.438
510.716
557.294
497.475
18389.6
517.071
549.677
562.716
496.424
566.455
493.718
532.196
17133.2
500.263
571.086
499.921
577.781
550.098
505.655
18605.7
505.634
569.271
508.892
562.536
497.045
635.784
615.958
20978.6
1100.02
685.73
709.164
36026.2
44116.7
5292.32
2537.57
1856.9
22650.2
29067.2
18641.6
31879.3
25901.6
578.002
33148.8
584.858
27315.7
1355.04
1292.05
1308.46
1267.1
1245.44
1263.89
1269.23
1227.28
1241.48
1241.8
1206.21
1229.44
1230.95
1258.47
1238.86
1247.41
1268.97
1259.5
1264.65
1255.41
1368.83
1279.19
1291.7
1223.57
1339.99
1365.94
22227
30680.5
14104.6
20348.1
21928.4
1356.73
1348.52
1275.48
1313.85
24449.4
13043
17230.8
32200.1
609.424
34453.5
574.082
1407.51
1306.68
1393.24
1316.96
1399.4
1580.17
1307.9
1360.69
1525.08
1268.49
1269.47
1265.31
1333.28
1491.29
1285.95
1307.72
26504.1
10203.3
21588.9
601.135
35649.4
623.205
33262.3
528.407
31724.4
560.992
32144
501.315
31660.3
522.865
32117.6
590.009
21418.8
498.759
18910.9
499.851
19381.6
544.805
20221.5
490.259
19939.4
511.628
19594.5
585.769
20222.3
547.02
19552.9
590.42
19522.7
552.813
16009.5
572.949
461.363
548.444
572.028
574.033
574.534
474.042
15131.6
481.008
581.951
566.926
480.928
563.448
489.688
496.283
16012.7
615.808
523.626
575.816
569.602
587.754
492.054
556.502
16036.6
506.697
475.816
556.702
497.596
537.408
574.393
45263.2
17687.2
27340.2
34786.7
25918.6
1408.79
1300.62
1356.4
1268.65
1299.78
1278.42
1404.72
1250.96
1304.93
1298.94
1230.85
1281.64
1320.01
471.436
12388.7
7810.04
23145.3
11723.9
32754.2
476.227
37598.7
584.025
42810.8
37445.5
573.441
37793.9
586.401
37733.8
511.97
38156.8
646.188
39036
533.92
38898.3
640.376
18803.9
1395.3
1421.85
1389.28
1467.73
1379.11
1452.24
1383.98
1405.3
1424.61
1393.58
1434.85
1411.33
1334.31
1392.69
1434.61
1442.53
1382.41
1387.59
1592.89
1344.27
1330.13
1442.24
1381.71
1362.45
1407.13
1385.5
1376.36
1393.13
1386.04
1462.73
1367.13
1404.31
1491.9
1367.47
1402.03
1342.06
1397.55
1415.28
1499.4
1449.66
1377.84
1379.19
1716.63
1378.5
24335.7
16773.6
22095.4
711.489
35151.4
28765.7
703.019
36353.2
646.991
36108.8
591.483
35176.4
692.104
11544.4
1409.14
1490.07
1462.56
1439.45
1456.96
1487.59
1392.13
1447.44
1387.08
1455.74
1360.65
1390.06
1421.25
1376.92
1404.35
1412.02
1356.43
1456.63
1345.04
1421.49
1376.33
1386.18
1353.17
1365.08
1411.88
1330.54
1380.77
1343.25
1324.21
1323.02
1407.62
1365.32
1377.42
1353.65
1387.04
1317.78
1367.11
1346.63
22646.1
6061
516.49
582.311
18889
32723.9
5462.64
33030.3
12503.9
16330.8
34019.8
29849.2
588.084
36412.1
683.625
37392
603.981
36691
625.02
37104.2
676.549
37546
631.835
38154
662.446
37334.9
657.044
37717.3
692.585
37335.3
660.652
36694.9
663.749
22469
1348.41
1401.85
1381.82
1408.1
1347.1
1322.78
1372.68
1333.79
1412.88
1376.37
1309.3
1357.3
1321.41
1383.06
1346.52
1332.74
1362.77
1436.68
1355.83
1301.21
1294.6
1343.32
1325.7
1305.87
1368.66
1301.05
1320.13
1346.46
1370.4
1335.03
1349.87
1357.41
1314.02
1356.77
1337.9
1327.61
1349.37
37055.9
12442.3
40345.9
13638.9
14027.2
19148.5
674.354
10464.3
15050
14294.7
19347.3
666.395
16008.2
1447.5
1369.32
18967.9
30042.7
663.438
41231
36122.9
556.863
34870.5
618.375
35866.8
558.246
36177.5
668.269
36183.4
573.531
24448.1
638.662
11357.4
1310.93
1402.69
1448.52
1312.7
1285.7
1329.21
1317.08
1345.51
1341.28
1384.06
1431.37
1331.58
1325.65
1357.07
1344.24
1324.32
1321.51
1349.2
1363.38
1311.84
1335.35
1339.36
1349.3
1338.2
1304.09
1384.21
1311.24
1279.53
1293.92
1249.52
1286.25
1272.27
1258.72
1305.45
1328.71
1296.2
1295.44
1290.68
1358.84
1311.75
1344.1
1314.1
1330.49
1310.31
1282.4
1312.92
4611.83
5839.9
4429.82
60017.7
5400.96
628.628
91323.8
34434.2
34309.8
548.072
35405.4
636.165
34422.7
547.501
34329.9
530.953
34411.6
638.661
34316
648.404
34322.3
543.221
624.068
531.044
537.798
621.221
609.254
631.826
27535.7
551.28
635.735
644.745
654.718
657.875
536.616
542.179
27896.4
633.129
633.759
524.197
543.723
679.987
640.325
570.434
29758.4
555.339
636.827
638.16
557.945
628.107
581.409
647.511
29011.9
557.665
631.194
614.465
591.823
529.921
613.954
532.547
27682.2
631.675
623.907
523.586
592.715
529.44
4578.14
46450.1
4672.74
1907.59
18229.9
25800
648.103
47329.7
39678.4
575.797
40137.8
632.808
37883.2
625.922
36381
623.756
36642.4
537.749
35527.6
538.12
35678.5
629.029
35998.2
538.902
35949.4
518.895
37517.1
530.622
37479.6
520.289
36769.8
529.379
37662.2
38034.8
30348.8
608.472
519.497
540.165
593.848
518.154
507.889
601.035
30461.6
623.978
584.045
607.66
525.35
535.553
586.451
503.089
31805.2
714.586
517.041
647.962
601.015
521.02
516.74
530.852
30432.8
516.38
560.831
621.191
514.626
535.173
611.067
629.641
30449.3
607.84
587.463
513.633
530.281
606.317
535.954
680.397
29999.6
614.376
624.609
527.625
632.066
532.387
628.337
538.881
30104.4
580.537
595.321
625.53
510.556
604.142
621.141
521.993
31254
536.386
631.845
611.188
501.305
609.765
623.547
598.228
31795.5
528.467
540.054
617.432
532.487
625.27
518.635
529.129
30345.9
575.866
528.257
612.942
599.681
534.641
614.144
585.789
29993.2
605.996
620.118
605.414
521.982
553.846
527.526
594.86
29469.2
588.275
511.007
562.876
514.896
580.056
16307.7
11142.1
21730.3
561.674
30484.8
27612.1
619.708
32451.9
595.913
32523.1
596.785
32444.3
595.341
33409.8
622.764
28681.2
530.461
19668.5
523.556
19670.4
507.799
19622.5
627.776
20251
620.63
19560.8
526.232
19655.9
530.682
20323.1
571.326
19765
600.734
19564.2
594.279
634.01
488.355
538.681
518.294
5297.35
664.46
601.125
1353.65
1410.84
1352.3
1294.66
1378.13
1354.94
1389.93
1326.92
1290.24
1289.75
1363.99
1427.34
1378.09
1353.35
1327.79
1418.46
1311.5
1268.72
1282.2
1294.4
1293.39
1419.65
1372.58
4882.23
36599.8
30256.4
45152
733.63
36581.4
618.855
21967
1522.11
1465.95
1518.08
1451.09
1431.45
1363.58
1402.61
1364.09
1385.06
1335.01
1346.65
1389.97
1386.91
1466.71
1355.56
1337.89
1348.38
1353.96
1418.33
20697.1
11337.9
66681
37336.5
36805.4
823.166
36226.8
739.614
36761.6
650.919
36646.4
643.954
35944.3
739.884
37061.2
696.304
37160.4
639.423
36572.3
724.349
36243.8
768.991
36596.4
674.223
37575.3
653.155
37369
732.959
36967.6
737.659
29588.1
1505.15
1475.74
1405.94
1444.04
1494.83
1377.46
1485.84
1518.6
1381.47
1458.54
1451.82
1419.66
1443.48
1470.03
1518.26
1512.94
1400.24
1481.03
1444.94
1408.22
1450.38
1516.02
1416.57
1463.55
1462.72
1343.87
1608.2
1407.4
1490.55
1459.11
1467.79
1686.53
5048.42
19175.5
23044.8
35933.8
699.892
38747.5
587.804
36191.4
608.491
36071.4
672.389
36382
707.109
36622.6
611.799
37149.4
718.044
37217
610.938
37353.5
693.147
36916.5
611.469
37237.8
707.359
36614.9
707.099
36145.3
596.955
36471.7
711.81
36796.5
704.222
37083.5
592.034
704.362
599.591
667.889
686.231
594.108
684.156
1333.46
1334.54
1382.72
1370.2
1332.8
1432.35
1367.57
1462.26
1347.8
1457.43
1350.25
1463.57
1420.07
1437.76
1386.88
1348.84
1361.17
1344.91
1433.94
1332.17
1328.68
1404.72
1350.03
4461.95
38383.4
4734.02
3838.11
3066.82
2200.63
701.837
672.359
9913.44
1358.08
1443.56
1445.91
1376.15
1398.04
1383.78
1465.89
1343.04
1343.11
1425.68
1351.33
1357.72
1439.45
1441.89
1309.96
1433
1349.25
1366.84
8169.96
18900.5
26308.8
32206
28041.8
683.505
36472
575.285
35366.4
570.013
36581.2
540.716
35157
549.275
30471.9
1444.48
1511.36
1474.83
1425.62
1315.13
1521.7
1388.86
1427.3
1419.21
1422.93
1317.4
1354.41
1366.89
1486.01
1937.68
1415.76
1392.49
1475.68
1308.69
1420.01
1347.03
1436.58
1401.58
1382.77
1331.83
1486.53
1324.42
1309.84
1387.55
1308.84
1416.23
1351.36
1355.02
1376.54
1318.72
1313.95
1418.16
1432.07
1347.5
1345.02
1330.31
1494.57
1307.21
1331.26
1359.99
1389.54
1289.48
1327.72
1461.59
1510.92
4445.95
42440.3
2501.46
1877
