2924.68
754.298
625.421
5008.46
12395.4
38703.2
41406.4
40024.7
40251.3
36622.7
36721.9
35192.2
34784.5
35264.8
35934
35473.8
36571.2
29260.4
22216
22095.2
18739.4
19236.8
18305.5
18744.9
18227.1
488.274
495.622
489.047
18555.1
516.5
543.692
514.445
483.334
478.191
508.681
611.729
11155
495.441
552.884
505.334
538.25
497.677
1223.9
1196.7
1275.15
1219.67
1221.56
1216.94
1210.31
1155.52
1184.53
1207.93
1205.44
1207.8
1196.76
1173.25
1247.59
1186.65
1171.03
1198.59
1274.29
1210.71
1174.1
1206.55
1200.1
1211.3
1182.34
1218.74
1208.63
1221.25
1161.23
1164.88
1155.8
1190.49
1135.87
1162.76
1217.16
1189.75
1214.26
1132.25
1189.59
1178.87
699.591
997.608
4529.06
3117.48
4127.29
3011.24
2875.06
4099.15
820.56
1494.61
1950.3
665.132
4491.57
4370.71
9052.1
579.986
29632.8
521.782
31847.6
507.87
1257.59
1229.32
1248.26
1278.31
1350.29
1312.56
1220.16
1285.08
1235.97
1178.63
1223.3
1319.14
1237.69
1319.05
1257.94
4415.53
566.976
30569.9
28047.3
494.278
32513.7
486.08
32395.1
514.465
30960.5
486.18
32688.8
474.363
33161.8
31866.8
33446.6
32123.6
33178
31980
31271.6
32939.6
32652.8
32980.8
488.806
563.097
540.936
498.899
27224.2
568.91
489.878
504.292
551.149
559.78
500.974
25882.9
570.023
525.41
495.501
559.719
509.774
624.428
25913.8
540.535
577.55
567.156
588.505
486.199
538.199
27014.1
544.525
511.628
538.21
590.3
546.599
500.122
25900.5
581.4
547.481
532.045
510.716
592.805
534.511
25473.9
500.863
520.209
549.105
523.425
592.895
557.724
583.394
25547.3
477.47
495.661
550.758
524.378
555.359
478.733
25578.7
460.36
478.051
532.347
534.741
577.089
504.051
25520.1
496.584
528.818
565.462
564.68
584.797
504.903
25676.1
505.634
518.274
500.773
585.659
567.287
495.692
25711.5
581.91
571.416
576.237
589.758
542.68
478.422
26077.1
607.991
522.664
558.236
558.647
520.168
508.461
27911
552.894
560.07
585.919
494.038
555.509
492.183
28225.4
554.247
565.051
542.91
513.333
522.734
533.9
26608.1
639.774
573.611
584.706
528.347
525.33
514.645
26008.7
559.308
514.405
511.959
581.409
492.043
535.213
27203.1
508.411
480.196
500.152
533.138
491.422
552.322
26966.4
535.343
552.162
588.075
542.449
484.916
533.047
26467.9
563.297
584.597
530.011
520.689
523.525
511.619
28537.2
534.752
523.787
601.024
500.894
546.008
523.626
27577.7
550.127
564.891
512.21
487.432
481.058
511.528
29297.6
488.254
552.834
513.763
522.423
614.104
503.389
28512.3
589.388
621.03
575.456
489.397
575.927
508.722
28886.7
485.418
520.208
485.619
596.654
513.543
518.274
605.986
27920.9
563.178
495.592
482.531
517.252
572.7
496.714
27551.4
518.615
491.081
495
525.931
564.099
594.339
26707.3
582.251
594.118
622.734
606.016
621.442
590.891
26352.8
570.384
565.382
599.06
555.429
553.515
557.003
26577.8
571.717
509.473
512.44
514.946
515.558
515.057
26759.8
636.937
487.644
552.342
502.998
474.353
558.777
26464.3
592.144
606.116
542.149
510.866
553.184
526.573
27386.4
514.636
510.055
525.36
546.098
508.682
553.384
27851.8
528.427
580.788
499.881
620.329
611.949
613.904
27211.7
630.923
622.253
500.824
527.736
612.612
510.045
26874.2
603.5
610.686
595.853
509.103
549.175
527.425
27050.4
654.197
552.222
563.558
595.953
546.208
571.175
27323.5
625.521
577.139
519.356
659.489
655.079
643.903
28693.9
669.853
508.983
579.625
618.564
631.825
667.047
27162.4
680.588
522.133
590.17
617.412
623.086
660.381
29700.7
552.854
620.47
592.184
507.629
515.187
601.606
28114.8
513.994
510.786
496.223
496.975
518.975
530.552
28012.6
626.584
599.752
626.683
601.726
605.054
635.474
27137.6
629.731
542.189
509.674
565.011
579.675
612.391
26741
650.789
553.004
572.168
653.646
612.35
623.636
26767.9
628.457
595.862
525.53
596.334
623.556
506.196
26770.2
661.233
601.986
521.522
615.688
620.659
581.279
26617.4
530.392
489.979
572.168
500.223
599.06
545.818
26777.2
570.935
501.114
591.753
510.415
507.209
592.104
29045.1
526.323
607.449
510.606
518.174
513.784
522.744
27135
571.617
605.204
636.606
653.255
631.595
587.564
26942.4
593.076
657.184
531.203
527.284
589.217
548.463
27348.6
506.576
539.713
605.846
597.847
618.856
524.909
28501.1
526.894
523.175
515.397
510.496
513.152
612.421
27355.1
642.74
634.942
525.641
521.621
576.839
717.132
28510.2
513.182
896.204
613.403
542.791
528.147
544.153
29490.7
646.148
692.135
587.694
507.75
506.997
517.622
28652.4
518.254
513.121
984.998
490.44
496.093
583.695
29443.3
599.561
561.994
503.821
616.541
568.871
523.636
29139.6
554.948
495.671
488.435
509.273
602.007
742.58
28553.5
651.431
506.998
538.18
519.717
604.121
581.49
29215.3
606.978
504.682
589.909
487.183
548.143
600.263
29808.9
529.971
517.141
558.537
624.98
601.014
670.184
27882.7
494.981
581.951
589.147
498.127
548.093
488.214
27969.9
621.241
489.026
494.298
597.155
603.941
539.552
9520.35
586.581
591.322
1266.21
1334.89
1257.89
1250.04
1242.57
1281.83
1265.88
1372.27
1239.19
1385.75
1303.64
1274.84
1317.88
1281.72
1305.92
1308.81
1308.04
1350.8
1347.23
1277.53
1319.44
1277.19
1262.21
1266.65
1302.3
1412.74
1300.27
1235.22
1279.82
1244.17
1288.87
1300.92
1264.26
1304.87
1245.94
1300.27
1290.25
1322.26
1267.52
1314.06
1270.6
1244.51
1276.53
1271.06
1253.1
1311.18
1285.18
1325.19
1319.62
1293.74
1317
1267.44
1326.71
1208.42
1241.42
744.685
710.105
5290.91
1061.27
4613.49
12566.3
575.355
31528.2
516.51
33442.8
557.875
14311.8
1284.16
1382.87
1316.33
1206.75
1265.98
1255.04
1294.31
1288.59
1355.22
1262.08
1308.88
1240.6
1279.72
1286.78
1329.16
1324.53
1374.47
671.247
674.775
917.023
660.301
929.772
676.739
570.865
888.256
4451.83
11458.2
524.759
28632.6
597.035
31027.2
617.603
31229.6
516.881
30699.9
597.456
30613.6
531.264
10087
1304.12
1221.38
1223.59
1164.63
1208
1229.52
1229.19
1223.41
1292.68
1260.56
1275.22
1304.85
1330.68
1287.38
1262.47
1325.47
1251.8
1312.74
1265.17
1278.87
1301.61
1286.69
1437.15
1329.44
1370.26
1368.32
1300.74
1410.7
1317.24
1268.62
1301.35
1247.75
1339.87
1105.31
1132.69
1419.42
1134.06
4486.12
12360.8
645.196
39013.3
527.676
37272.3
613.001
37149.1
608.441
37404
616.429
37117.5
612.33
1340.1
1380.38
1320.54
1255.19
2239.44
1319.61
1255.23
1294.39
1285.32
1235.5
1392.67
1290.71
1285.02
1215.76
1210.89
1252.97
1272.68
1254.17
1270.85
1226.75
1233.76
1226.33
1210.02
1197.12
1359.53
1236.38
1394.79
1323.93
1256.54
1295.77
1295.65
1315.15
1403.7
1202.51
1244.08
1329.91
1417.6
694.77
1071.25
994.54
766.536
814.686
2030.86
2276.6
2060.38
1898.28
1881.76
1914.88
1779.43
2012.54
1956.86
2682.04
2027.57
1873.56
1837.49
1755.89
3267.46
1853.76
1910.26
3804.89
1995.25
1882.52
9172.93
1864.05
8796.66
1847.72
9838.85
1946.16
2094.41
3315.45
8970.01
2024.26
8399.37
2050.42
6005.51
2029.35
3819.77
1984
3195.38
2211.78
3285.06
2155.68
2003
2062.4
1947.71
1793.91
1695.61
1828.23
1864.28
4607.72
1887.81
2511.89
1948.83
10126.3
1763.39
1814.92
1750.78
1782.73
1780.67
995.443
789.138
1097.65
4500.97
569.923
28236
26334.3
33044.1
31942.4
32598.5
31276.2
32896.3
31301.7
32856.9
31226
33256.6
19184.7
1330.21
1238.71
1226.61
1281.27
1239.27
1217.81
1349.78
1195.85
1275.02
1278.14
1255.42
1395.5
1268.04
1198.73
1271.59
1217.88
1274.99
1274.55
1340.25
1575.19
1486.8
1352.09
1385.55
1342.15
1321.57
1312.76
1469.38
1339.73
1374.54
1330.4
1291.74
1376.84
1340.66
1344.59
1415.73
1329.91
1334.97
1332.24
1423.41
1317.65
1268.08
1305.91
1620.71
1339.17
1321.09
1392.74
1337.1
1342.79
1329.1
1326.39
1479.04
1308.32
1345.16
1342.18
1317.73
1398.22
1385.97
1275.42
1213.05
1321.72
1278.99
1255.77
1328.64
1393.31
1281.51
1383.24
1319.69
1327.21
1317.63
1284.84
1208.92
4341.3
625.09
29298.9
525.289
33159.2
600.874
31537.9
601.847
31274.8
614.044
32802.2
548.454
31707.4
599
30859.7
534.691
30981
596.734
32679.4
638.661
30928.7
604.112
30737.8
495.421
30799.4
532.386
32747.6
491.653
30845.9
580.177
30730.4
481.058
30814.9
493.887
491.452
590.4
602.277
505.745
495.922
501.055
24940
600.814
487.453
480.436
522.063
578.502
483.023
580.999
26046.8
586.862
479.845
505.114
504.241
528.437
574.834
497.265
26397.6
607.259
502.398
581.931
500.372
509.414
506.096
496.664
26572.9
508.552
595.762
612.431
526.332
541.989
512.32
525.921
26401.8
495.862
573.551
492.224
496.564
516.58
605.484
593.968
25745
568.059
550.508
554.798
491.252
598.83
495.711
502.287
25571.9
585.659
542.489
586.731
512.139
547.401
576.187
493.507
26186.7
545.527
583.153
629.78
586.079
592.405
532.807
499.721
25257.4
572.689
596.264
648.413
602.899
537.828
500.262
519.346
24954.5
502.026
594.94
485.549
489.117
554.989
599.902
525.23
24857.1
532.987
576.889
485.348
625.711
495.211
583.043
592.245
25814
504.301
572.819
483.664
532.637
578.813
550.508
578.363
25325.8
584.065
589.067
532.176
519.567
607.74
553.866
587.894
25352.1
521.3
570.093
593.096
578.172
590.109
498.318
496.524
26608.7
504.071
511.458
534.06
582.322
601.205
593.948
548.424
26527.9
524.718
495.21
523.786
622.844
493.106
573.12
506.025
26572.2
495.662
578.884
496.043
568.941
618.374
483.944
581.149
26407.3
487.112
525.931
575.987
559.91
493.306
520.77
574.904
26930
592.184
504.742
621.542
604.422
522.804
492.174
538.661
24898.2
560.601
599.692
490.47
607.228
487.252
522.413
494.419
25098.5
579.675
565.112
558.076
602.507
591.563
499.22
528.678
24952.9
568.821
589.067
519.146
496.674
494.539
560
597.857
24839.9
567.587
508.411
509.814
504.212
501.866
496.243
501.054
25108.4
544.685
597.928
577.781
569.171
507.429
488.947
502.798
26128.6
601.406
613.302
581.73
492.435
498.107
486.491
496.705
25116.5
500.322
519.126
576.407
577.861
588.024
600.413
493.516
25512.4
568.53
588.195
562.927
487.402
597.566
481.179
577.199
26252.2
614.445
587.704
525.681
493.036
591.923
484.987
536.866
26069.1
603.77
587.413
567.086
592.856
585.098
531.885
485.298
26467.2
481.66
483.584
498.418
491.943
541.467
573.671
576.208
26482.7
476.367
477.981
574.834
567.327
591.432
501.986
491.833
26384.6
619.597
607.119
514.315
573.751
584.777
485.197
632.196
26520.5
470.314
587.353
472.819
586.471
579.575
527.695
547.651
26664.9
598.048
494.839
489.458
528.567
590.761
562.636
496.815
26555.7
575.726
539.954
496.905
641.327
676.789
552.312
514.946
25904.5
584.276
486.721
608.953
497.637
499.37
581.559
641.437
26286.6
595.411
477.519
539.262
572.218
568.7
583.504
493.978
23888.5
549.927
585.268
605.164
573.661
546.689
576.238
593.989
1259.27
1248.99
1224.26
1264.05
1251.19
1226.38
1236.33
1309.96
1226.42
1324.63
1274.59
1266.54
1251.57
1287.78
1331.08
1252.62
1338.81
1257.63
1281.27
1317.28
1273.77
1265.12
1219.99
1255.33
1242.76
1242.06
1213.92
1236.55
1193.09
1167.32
1217.76
1310.62
1198.77
1279.88
1231.81
1286.61
1220.65
1264.79
1237.92
1249.89
1259.87
1235.86
1255.38
1294.05
1337.59
1269.3
1226.57
1266.13
1296.29
1254.85
1207.56
1271.51
1189.37
1269.46
1259.35
1283.29
1282.95
1220.08
1255.38
1206.4
1276.93
1183.45
1223.48
1249.11
1264.97
1164.92
1252.94
1223.44
1246.24
1280.08
1247.82
1246.18
1344.92
1316
1377.65
1256.24
1400.54
1295.51
1387.47
1257.3
1363.93
1285.07
1302.04
1264.34
1352.77
1266.78
1354.75
1279.86
1378.45
1237.71
1362.89
1294.46
1395.01
1287.97
1336.54
1252.38
1361.98
1320.9
1337.14
1261.04
1311.56
1231.23
1428.27
1316.11
1324.79
1201.4
1223.6
1187.95
1383.42
1211.31
1241.96
1342.21
1300.62
1342.94
1300.97
1234.81
1317.63
1247.45
1235.18
826.203
4435.82
11161.6
513.773
33726.9
27008.7
496.574
33205.6
487.452
33024.2
483.423
33320.1
587.353
33131.1
587.573
27104.9
1328.33
1324.5
1208.91
1307.77
1255.17
1292.58
1215.92
1261.15
1330.81
1283.71
1238.9
1240.62
1269.5
1296.94
1299.14
1294.34
1250.52
1341.07
1221.64
1326.2
1235.63
1263.12
1265.01
1344.37
1310.56
1290.59
1256.83
1310.85
1296.49
1254.69
1220.26
1299.47
1296.57
1323.14
1240.56
1333.08
1274.14
1276.17
1242.74
1266.66
1300.74
1350.26
1243.87
1249.91
1237.39
1273.95
1255.48
1236.49
4350.66
764.181
41689
4679.11
3905.94
3238.06
2565.07
1887.69
4570.1
9166.5
629.169
29925.3
485.579
32482.6
504.091
31469.7
559.719
33116.2
563.528
31749.3
553.224
32322
569.742
1202.9
1250.27
1246.28
1228.12
1215.73
1271.18
1284.75
1215.17
1303.57
1235.55
1255.27
1195.17
1179.05
1175.7
1189.5
1186.94
1209.3
1284.13
1376.31
1227.05
1232.35
1247.52
1283.89
1279.73
1290.41
1161.39
1229.25
1202.94
1206.82
1212.01
1246.08
1217.62
1242.61
1235.98
1205.99
1224.9
1249.41
1243.23
1292.3
1185
1167.27
1208.57
1230.92
1236.95
1192.27
4663.53
4648.05
4356.62
524.559
31545.6
25613.2
549.445
30932.1
508.561
31445.2
499.651
32572.4
617.171
31479.5
615.146
31025.9
590.189
30779.7
492.695
32890.8
578.111
32293.4
568.239
31575.8
505.605
31621.4
513.754
32943.9
570.715
31877
524.147
30755.8
579.555
30832.6
575.676
483.253
529.589
568.67
553.434
26281.5
609.063
505.655
476.447
650.529
604.713
491.402
27177.8
483.865
485.659
508.421
573.281
595.402
548.303
27516.8
499.661
598.038
595.051
541.798
538.249
615.117
26730.7
503.44
490.61
492.284
488.315
483.925
537.287
27496.9
516.51
565.693
615.828
598.519
491.102
590.791
26966.2
584.406
587.413
575.706
473.842
596.454
537.258
28187.3
581.158
510.817
558.215
590.41
653.997
576.167
26438.9
504.562
618.074
614.325
613.724
495.361
574.573
26213.6
577.089
592.385
574.733
495.732
473.992
570.354
26029.7
501.085
536.796
643.192
580.287
548.013
494.72
26335.6
497.896
483.945
497.005
502.588
515.297
588.435
26406.3
541.246
516.91
508.411
502.226
623.075
528.969
27934.5
583.945
483.052
614.636
522.654
619.066
580.838
26612.7
508.381
524.098
517.733
667.467
595.512
508.181
27039.4
542.49
503.851
583.584
522.092
548.524
576.247
28242.4
501.114
576.608
552.693
523.065
496.895
565.583
26849.1
499.872
601.766
580.467
646.269
516.931
628.578
26379
473.2
582.863
565.332
486.37
549.506
568.399
26681.8
656.331
626.242
485.458
538.871
525.199
499.36
26543.1
483.955
508.462
561.463
603.841
559.489
547.101
26314.9
586.952
517.081
561.734
583.905
507.709
594.149
26840.6
485.178
569.001
575.857
505.885
516.3
533.509
27960.5
600.202
502.477
621.512
525.671
570.905
516.349
28068.9
535.804
483.875
626.674
528.418
487.443
520.038
26799.7
600.874
636.185
643.222
612.922
616.73
491.522
27964.9
639.232
591.573
632.647
564.12
509.212
669.302
26840.8
526.984
523.947
493.947
573.05
601.766
525.55
27172.9
511.709
538.52
580.959
644.063
492.775
503.901
27843.7
601.496
522.714
581.46
495.702
586.651
538.179
28140.3
643.492
536.215
545.407
521
585.148
620.068
29588.9
573.09
680.558
592.505
628.528
500.182
570.023
28343.4
608.211
540.365
514.866
572.989
571.106
532.276
27488.3
607.54
608.392
566.646
488.004
555.63
581.47
26376.1
494.619
493.095
559.148
636.586
596.384
537.558
26190.9
588.315
557.835
633.619
610.155
509.684
605.204
27414.9
578.804
506.537
610.316
655.319
672.971
516.36
28329.2
648.774
548.574
500.323
584.026
502.447
485.258
27302.7
491.703
527.525
633.619
543.602
674.313
608.952
27637.4
570.233
584.056
510.847
573.33
494.579
514.054
28014.3
491.613
594.47
492.284
546.178
578.974
566.054
28255.7
551.771
629.931
638.912
510.246
546.94
579.866
27075.8
484.225
560.1
618.384
537.088
536.807
583.604
29057
511.819
573.571
587.253
606.757
557.695
528.387
29326.4
660.15
497.065
581.319
642.961
613.934
573.701
564.781
27057
506.948
617.232
639.283
543.222
648.052
610.005
27947.1
613.924
515.077
587.393
600.653
630.843
578.412
27042.2
571.116
625.691
553.525
590.179
525.541
597.546
27985.2
528.999
548.042
513.783
619.567
505.705
557.013
27057.5
517.081
602.207
555.319
499.892
625.38
487.102
27780.3
629.029
644.735
528.056
599.851
517.993
594.359
27804.2
547.691
611.739
608.522
500.342
589.779
519.757
27355.6
490.821
625.02
591.954
608.522
519.586
529.319
27954.5
570.043
590.159
594.399
627.916
557.234
610.646
26426.5
536.816
602.087
605.955
509.443
620.629
494.008
27303.4
513.854
570.524
496.513
616.751
533.96
540.666
23470.5
496.043
487.223
610.997
587.734
509.523
589.067
1367.15
1351.87
1361.07
1303.85
1369.69
1350.86
1314.46
1360.33
1252.74
1248.25
1317
1305.99
1299.56
1284.46
1293.62
1407.5
1262.38
1251.48
1340.35
1327.41
1423.11
1259.43
1248.87
1466.91
1253.35
1262.13
1297.34
1260.89
1321.75
1339.57
1318.21
1443.42
1311.17
1286.49
1304.44
1228.13
1279.33
1339.56
1222.98
1345.1
1280.58
1258.68
1271.66
1325.08
1326.25
1243.21
1384.33
1259.95
1247.64
1232.18
1268.84
1256.22
1267.08
1293.65
1288.23
1305.62
1346.16
1308.39
1232.04
1432.48
1248.11
1327.19
1294.84
1303.47
1284.54
1271.85
1344.95
1290.44
1266.93
1288.88
1261.42
1284.32
1358
1257.47
1298.36
1303.73
1267.44
1446.99
1355.76
1308.08
1310.62
1317.47
1288.08
1322.65
1283.44
1357.95
1305.52
1277.81
1224.59
1343.24
1239.86
1453.17
1224.05
1251.58
1301.57
1385.61
1219.45
1240.05
1261.53
1245.39
1292.81
1309.57
1306.2
1376.72
1319.16
1331.56
1269.66
1312.61
1284.02
1301.88
1286.12
1573.27
1369.83
1297.16
1296.08
1294.35
1282.13
1309.7
8425.16
22019.6
10340.2
15075.8
9538.18
630.062
33977.7
26905.4
590.369
33239.5
626.393
33189
516.299
32995.1
611.879
33184.3
544.644
33560.2
638.461
33948.7
497.877
33576.8
477.329
32021.9
568.61
33991.7
502.327
33495.8
492.795
32329
569.582
32415.8
489.798
33585.7
594.308
33307.5
618.133
497.205
602.107
594.078
487.964
28174.4
548.142
557.264
500.032
573.962
487.583
486.43
28008.6
481.85
578.192
646.469
527.996
28346.2
533.428
545.717
588.566
527.806
582.963
515.768
22751
559.91
558.326
15429.5
18365.7
15472.8
11880.3
607.168
33796.1
483.394
31389.1
498.037
31915.6
560.01
32707.7
500.393
31323.3
611.368
30908.3
588.306
31725.6
598.439
32945.4
514.235
10213.5
1276.42
1312.14
1227.96
1244.89
1280.22
1224.75
1300.75
1260.66
1258.62
1289.96
1283.07
1268.13
1293.56
1271.15
1281.97
1240.36
1274.65
1416.66
1283.09
1345.3
1277.21
1288.72
1332.06
1267.26
1267.25
1305.94
1318
1303.36
1312.15
1293.76
1287.74
1280.88
1277.57
1316.89
1252.64
1294.4
1268.73
1221.32
1338.65
1275.86
1263.54
1497.12
1358.67
1284.91
1294.94
1308.78
1293.43
1413.32
1275.64
1238.02
1263
1263.91
1273.99
1315.64
1345.36
1286.57
1442.1
1442.93
1257.14
1378.94
1309.21
1286.13
1333.56
1300.55
1261.26
18389.8
35779.9
1538.98
15882.8
25378
19727.7
24134.3
25022.4
24335.1
14398
1233.26
1295.24
1197.31
1176.31
1184.32
1243.68
1179.78
1185.75
1126.23
1176.28
1203.16
1221.23
1279.48
1221.1
1209.15
1244.72
1242.52
1233.09
1204.65
4478.89
16727.9
12440.7
15075.1
9422.34
518.013
559.549
41387.4
31721.4
580.277
31085.6
548.594
30721.1
540.485
31282.6
530.241
31079.2
625.801
31191.6
641.287
31324.3
550.558
27154.6
588.856
656.312
637.709
625.931
628.878
1424.3
1255.18
1314.87
1344.38
1467.66
1245.64
1309.02
1297.1
1307.72
1309.86
1235.06
1286.84
1374.52
1346.99
1330.95
1263.58
1253.75
1310.81
1301.51
1353.48
1285.38
1472.1
1306.54
1343.1
1324.8
1298.28
1359.85
1286.74
1282.79
1303.61
1395.61
1407.94
1362.41
1312.87
1305.21
1232.7
1354.72
1241.64
1221.25
1307.35
1297.95
1250.15
1249.32
1286.95
1343.69
1278.2
1274.54
1251.88
1274.17
1434.72
1256.46
1263.59
1338.41
1261.16
1284.91
1325.74
1298.65
1329.33
1266.09
1250.93
1296.01
1228.49
1304.65
1275.83
1257.64
1233.56
1265.15
1193.11
1282.08
1262.88
1359.99
1357.43
1348.94
1401.67
1379.91
1305.25
1485.12
1456.49
1267.67
1265.95
1327.62
1252.82
1243.04
1284.6
1358.6
1331.2
1293.25
1261.36
1408.61
1262.05
1392.46
1264.22
1272.85
1245.7
1218.49
1340.17
1325.65
1238.94
1256.72
1227.32
1320.91
1288.48
1403.06
1282.67
1332.47
1259.62
1278.77
1250.29
1277.42
1276.08
1338.68
1326.36
1269.3
1238.82
1256.37
1254.58
1303.8
1333.69
1338.95
15034.1
23891.8
24013.2
23615.8
18764.3
14454.7
2275.28
1538.75
24276.8
8840.27
523.035
30628.4
26683.1
483.774
32818.6
577.871
31839.2
610.586
32670.3
514.996
32560.9
557.454
31875.6
472.989
30751.7
491.432
32306.7
523.696
30751.8
576.538
31286.5
503.881
31359.2
591.022
32359.9
594.269
31707.1
565.974
31547.7
549.706
31994.2
483.504
491.863
582.982
585.007
525.741
26928.1
482.111
504.813
505.074
508.732
583.775
586.581
636.857
26101.7
599.872
489.959
605.124
467.727
465.052
26371.8
587.865
564.32
527.805
488.897
517.472
487.553
27636.4
485.489
505.434
502.597
496.283
481.028
578.182
26473.6
534.511
623.857
567.307
494.85
501.596
594.199
26030.5
580.066
591.312
603.5
623.416
503.099
494.88
26095.6
602.808
555.218
595.863
562.545
507.028
494.689
26381.3
520.77
485.368
573.591
585.418
586.391
598.137
26531.3
479.074
489.448
556.412
550.538
486.21
500.974
27794
639.664
603.33
535.123
576.769
585.739
581.229
27781.1
555.42
484.746
492.925
511.067
572.87
579.845
26384.8
628.768
573.11
600.664
540.916
498.428
544.564
27037.6
559.288
589.688
606.106
573.411
586.872
570.614
27845.4
536.887
491.282
540.254
599.12
651.129
591.492
27983.3
495.462
606.737
486.792
540.364
598.609
591.252
27546.9
589.428
483.714
611.829
533.729
630.272
626.212
28009.8
624.168
525.29
504.342
507.84
558.216
537.909
26711.7
535.223
601.706
506.306
560.641
652.021
618.254
27629.3
602.729
607.951
635.664
652.934
519.817
611.027
28081
634.311
521.822
531.755
503.55
618.074
612.22
26998.8
550.418
518.534
797.978
618.775
627.496
664.29
27399.2
624.689
579.074
627.936
525.66
517.422
634.151
26704.4
538.891
574.523
547.27
549.275
537.107
522.092
26906.2
522.163
531.745
564.59
610.907
508.561
509.443
27653.5
634.511
652.624
613.794
641.347
637.719
638.571
28458.8
633.028
649.075
648.454
626.263
696.584
667.858
27903.4
650.428
640.134
635.634
605.004
519.136
506.837
28140.1
527.405
522.934
576.689
591.672
666.155
525.711
28106.6
604.843
634.962
597.897
620.609
622.954
524.027
28480.9
643.161
620.881
625.09
618.795
548.544
518.564
28267.1
513.021
502.206
535.905
548.634
603.3
664.882
28062.4
548.934
574.463
610.126
586.371
543.411
612.02
28129.6
591.864
580.798
544.925
558.206
537.989
629.119
26546
600.333
620.52
514.365
528.978
515.317
510.657
15036.8
602.468
525.731
513.483
527.675
1279.95
1336.37
1300.16
1307.45
1309.7
1334.62
1310.29
1332.12
1270.94
1332.99
1315.97
1301.93
1325.53
1320.23
1295.27
1326.01
1309.97
1317.88
1282.2
1338.88
1239.48
1253.65
1296.21
1366.85
1335.34
1401.49
1310.38
1274.82
1338.61
1310.76
1385.71
1290.86
1264.5
1322.84
1393.95
1365.93
1343.62
1411.24
1360.08
1307.18
1285.8
1324.59
1402.42
1285.42
1278.3
1330
1311.34
1323.1
1366.57
1264.2
1308.36
1315.56
1304.78
1307.41
1222.91
1239.69
1301.07
1256.29
1285.21
1295.5
1328.26
1382.91
1256.1
1248.8
1261.44
1270.26
1276.72
1256.58
1309.62
1232.57
1268.91
1280.4
1286.84
1275.34
1268.89
1321.68
1307.03
1326.95
1270.93
1465.95
1302.14
1287.73
1392.41
1276.54
1277.45
1358.22
1349.74
1337.2
1332.82
1312.59
1296.26
1280.04
1282.91
1309.61
1288.23
1345.33
1418.18
1368.46
1384.45
1394.5
1353.44
1317.05
1335.23
1395.73
1344.52
1363.59
1392.71
1344.93
1391.97
1351.41
1420.43
1454.06
1482.08
1476.06
1480.21
1386.49
1477.99
1371.58
1393.21
18425.9
14513.9
19808.9
633.951
42436.2
28151.2
638.4
37404.2
562.516
37442.4
668.149
35764
526.472
35453.1
593.898
36226.5
615.407
35641.1
660.321
34728.2
526.202
36053.2
597.386
37120.1
522.814
36280.2
640.756
36230.2
555.53
35713.7
660.211
35912.9
674.453
34486.8
585.037
519.046
645.467
528.367
610.766
29345.2
552.603
558.155
558.827
632.868
631.284
645.707
620.469
30804.6
518.444
541.678
620.51
644.034
641.799
555.499
31388.8
571.296
638.49
574.333
564.4
579.735
581.439
702.267
31093.9
566.254
570.664
655.41
662.466
538.159
579.595
33113.7
638.491
633.599
629.731
631.665
640.966
663.919
31714.1
677.21
657.675
587.764
650.969
631.615
544.354
32401.6
646.799
666.947
637.628
557.805
611.238
597.978
31868.2
680.758
684.738
646.549
549.436
566.234
535.143
30985.6
740.867
614.255
629.931
549.525
537.859
627.195
30395.9
652.643
547.652
671.477
651.09
563.608
626.904
29937.6
538.6
629.6
624.779
632.958
623.997
647.02
29925.2
544.484
624.849
599.151
559.428
591.994
646.379
32244.5
574.663
670.183
643.613
559.979
610.306
651.842
29968
652.142
641.166
563.678
618.786
649.787
565.743
30825.6
668.71
657.054
651.3
610.045
656.822
695.392
31318.8
656.162
576.768
644.826
576.318
589.749
665.984
31092.1
577.06
682.753
643.362
593.778
660.802
677.19
32272
619.026
594.349
619.527
735.304
712.622
721.231
30612.4
574.163
646.078
660.472
643.252
665.042
648.314
29650.3
659.669
660.261
562.536
543.011
555.299
655.66
30167.8
617.433
638.231
665.242
663.418
583.223
638.631
28617.2
586.19
756.954
590.229
549.215
613.643
663.087
28105.4
583.053
697.066
693.327
572.809
533.028
605.144
29067
659.569
568.048
600.403
658.898
643.271
669.692
28542.4
722.344
564.981
572.088
668.6
588.225
591.884
27692.9
608.351
597.526
562.466
588.275
673.692
642.139
27917.6
648.875
554.196
607.359
573.641
548.343
646.359
27705.4
550.137
655.289
663.388
553.685
697.065
638.24
27673.7
623.957
553.685
593.518
624.048
654.186
656.913
27548.9
579.234
600.453
548.774
555.229
570.855
639.122
27556.7
578.172
582.973
585.76
549.215
576.919
649.516
28151.7
555.93
530.863
533.158
535.574
537.989
532.907
30456.2
630.963
572.88
648.133
552.162
565.583
627.215
31132.7
560.541
623.847
551.841
627.826
644.996
555.429
29517.9
569.341
541.187
633.799
618.364
603.911
699.612
27720.5
548.904
632.597
615.638
596.684
626.873
611.959
28045.6
577.951
527.786
637.619
632.256
669.552
649.235
27791.2
506.987
524.99
613.262
594.309
633.309
617.924
28486.8
596.544
646.228
502.889
518.625
526.102
570.023
29613.7
627.205
622.484
611.288
615.167
621.542
609.824
29294.5
539.372
517.312
651.361
662.025
668.529
694.981
28322.7
627.666
576.969
516.921
612.641
536.365
513.884
28258.5
597.777
548.083
522.865
622.052
668.881
633.95
27742.6
613.934
513.794
533.379
627.636
619.537
562.676
27872.7
556.271
608.07
612.901
512.17
515.307
600.443
28055.4
631.274
522.333
547.431
589.147
661.744
613.824
27882.2
606.177
564.43
612.08
630.874
624.438
574.804
28610.9
632.386
605.765
519.957
518.153
539.462
517.643
30087.1
501.465
508.211
511.117
517.623
598.94
587.964
28546.2
541.908
530.041
593.367
629.45
617.853
536.245
29109.9
553.615
658.267
630.583
538.54
538.822
506.316
28065.1
627.766
584.196
623.015
644.474
515.607
565.332
28110
647.321
655.349
619.998
670.104
638.952
531.414
27869
531.985
515.968
532.456
568.66
653.856
624.999
30367.6
661.424
619.647
634.12
525.29
522.564
539.593
30263.2
612.18
546.96
525.039
623.216
520.9
517.562
21380
629.751
636.696
639.002
638.119
680.507
556.693
566.234
21581.8
598.268
520.348
509.724
500.192
529.109
525.55
505.966
21174.7
527.716
644.815
568.048
579.675
616.37
553.254
514.094
21248.1
571.336
611.919
534.862
586.852
669.121
645.246
561.293
21254.2
605.454
606.086
624.719
523.726
515.758
644.455
561.424
21816.7
587.814
600.113
510.977
534.14
632.687
604.723
504.582
22677.6
534.15
620.068
534.26
503.49
534.1
595.442
23659.8
622.904
619.196
508.462
506.136
503.399
507.418
512.371
22324.9
532.597
588.345
601.084
600.313
535.384
511.498
615.888
21917.3
621.09
529.038
506.817
587.042
629.59
618.254
502.688
22543.1
527.846
512.3
640.375
517.202
509.253
565.673
21442.1
532.306
529.69
595.632
500.262
512.361
502.347
511.268
21250.7
582.813
662.225
609.334
559.759
610.175
569.001
542.369
21600.7
605.545
511.227
613.553
645.988
610.226
540.926
605.946
21535.9
563.688
581.058
592.224
623.446
585.298
605.966
505.956
21967.3
624.338
500.042
607.359
520.108
542.89
17382.8
5212.57
524.297
31152.1
548.213
19350.3
1325.64
1414.47
1287.36
1265.45
1336.16
1299.44
1271.86
1337.51
1361.88
1315.66
9310.96
14003.7
50484.7
4014.22
3275.28
2531.8
1730.72
15256.4
43270.4
4735.89
15205.9
10116.6
14343.7
601.575
30087.1
523.526
33123.2
593.938
32110.4
491.272
31607.5
578.132
32441.4
600.483
32940.1
550.548
24430.2
491.623
18648.7
480.146
18814.5
572.96
19659.2
582.783
19053.6
499.33
18771.3
517.953
19586.3
557.113
18824.5
545.466
19284.6
522.062
18145.5
577.891
586.31
576.107
578.482
491.131
585.869
618.675
15007.6
589.468
585.338
552.643
593.457
485.839
594.73
488.625
15745.7
480.005
470.975
483.283
494.208
613.894
583.524
487.302
15202.1
486.701
597.948
610.066
581.599
564.56
587.202
491.482
11522.8
1666.73
9379.81
10232.2
11416.2
15531.8
11592.1
20683.1
39815
5381.29
4922.54
1850.64
342.69
20550.8
2399.33
1681.01
4597.79
11681.3
528.007
28882.8
534.18
31226.3
589.739
20886.4
1279.91
1251.47
1251.33
1277.7
1216.89
1255.04
1237.98
1244.47
1226.82
1230.14
1247.1
1236.73
1198.3
1210.82
1244.66
1233.73
1235.54
1235.54
1225.4
1181.93
5102.87
1616.82
9152.79
11248.5
28788.5
14807.9
25513.7
33295.2
523.205
32884.9
492.535
33279.8
32077.6
31226.7
511.939
1314.2
1262.95
1271.07
1252.6
1302.01
1372.39
1281.21
1287.31
1360.93
1340.23
1251.68
1257.88
1294.67
1365.59
1242.39
1278.86
1243.88
1286.66
1266.81
1272.25
1227.76
1339.39
1227.8
1245.9
1274.21
1313.64
1252.16
1263.74
1293.93
1365.64
1285.96
1261.83
1246.71
1305.47
1342.29
1299.9
1492.72
1335.91
7100.89
20144.6
613.604
36367.8
659.63
34563.7
514.385
34374.6
527.966
34334.2
618.775
34422.1
559.308
33424.8
627.355
33282.8
607.239
33535.8
549.145
34786
545.326
33962.4
572.94
33894
579.164
33783.9
535.574
33757.2
597.797
32191.4
521.812
31984.1
601.466
25792.7
527.885
505.324
597.366
476.978
514.064
499.019
616.55
24962.1
610.787
478.271
592.284
586.562
522.544
583.464
530.993
27557.6
671.005
501.506
600.834
617.974
515.998
490.701
526.814
27063.3
532.326
592.044
593.327
599.541
543.321
591.904
514.835
27925
619.959
609.915
615.718
617.713
623.717
572.99
594.249
27546.8
519.086
541.768
481.579
539.423
601.466
588.786
509.774
28525
514.585
528.658
531.133
493.337
488.616
487.383
643.562
28051.3
617.342
555.078
502.878
553.234
520.56
594.248
614.445
27448.7
541.327
609.283
600.092
577.66
617.322
565.723
630.563
26846.7
647.241
565.542
532.105
486.902
522.313
507.448
660.882
27501.6
650.658
628.277
510.315
515.428
523.135
530.532
555.079
27574.7
544.233
557.074
582.833
573.15
544.925
528.528
634.712
27099.9
614.255
641.026
608.802
638.08
620.298
638.41
507.85
26450.9
643.061
506.296
500.102
509.955
590.761
572.99
616.22
26158.7
594.268
664
636.647
588.215
662.917
670.284
642.891
27121.3
658.015
572.889
535.945
524.869
574.664
569.061
652.163
27246.9
589.117
586.541
511.909
602.819
613.633
513.212
580.547
27201.1
758.237
873.943
639.553
630.151
608.732
668.871
735.514
27396.4
621.903
564.701
589.818
643.452
657.876
542.099
627.806
27384.7
588.134
625.962
585.79
636.205
654.658
657.575
614.746
27636.1
647.802
635.664
615.006
522.122
546.058
595.822
689.659
28568.3
666.556
700.233
695.081
723.697
725.922
691.493
669.172
27652.1
592.555
656.442
672.93
668.961
709.654
708.162
701.516
26812.1
635.213
677.42
580.858
659.008
721.371
681.189
676.187
27752.2
590.36
579.364
656.041
573.3
726.433
667.999
744.956
28381.6
706.387
663.959
673.131
691.002
676.899
590.099
589.378
28441.6
663.388
632.778
647.622
542.229
648.153
557.785
556.863
27327.8
546.809
640.716
631.254
610.577
641.056
631.084
640.545
27278.8
613.914
599.471
603.58
537.888
592.685
650.739
521.301
27266.4
622.664
521.26
612.891
523.556
556.351
604.823
590.33
27641.9
544.444
608.702
645.457
522.243
622.654
622.374
679.816
27415.3
657.194
586.421
618.675
615.017
579.225
542.57
574.764
27612.7
526.503
542.64
515.077
628.738
654.989
529.86
621.492
27303.8
533.519
634.151
532.396
628.447
656.783
521.802
665.894
27516
658.837
654.818
524.267
528.868
635.052
639.102
684.466
17513.4
580.427
527.034
638.701
631.996
1350.84
1332.57
1290.1
1310.49
1321.33
1321.64
1301.87
1293.02
1272.58
1273.8
1285.45
1294.36
1345.93
1475.69
1388.28
1401
1403.72
1404.78
1365.86
1490.3
1469.91
1477.17
1348
1506.31
1501.42
1461.23
1508.41
1430.71
1520.01
1462.13
1428.79
1434.97
1393.37
1407.8
1401.27
1432.03
1533.2
1486.02
1426.89
1429.07
1352.81
1320.83
1412.45
1428.1
1439.89
1438.88
1462.89
1466.53
1430.74
1397.92
1437.25
1466.64
1509.69
1371.5
1396.07
1347.16
1406.18
1378.7
1347.28
1370.23
1382.85
1400.53
1375.15
1359.97
1342.69
1356.18
1416.08
1424.15
1343.77
1343.2
1338.99
1416.27
1385.09
1400.12
1347.01
1418.9
1470.17
1440.47
1449.14
1457.55
1442.05
1477.09
1446.1
1410.67
1439.16
1286.11
1293.42
1344.59
1300.38
1347.17
1377.71
1404.38
1446.22
1381.56
1403.44
1424.28
1389.36
1403.46
1412.13
1397.99
1418.98
1351.28
1373.75
1359.11
1378.13
1394.59
1413.17
1349.5
1350.32
1358.48
1381.33
1396.21
1377.9
1348.47
1377.97
1389.62
1412.4
1358.58
1320.49
1258.93
18007.8
18687.7
21843.8
27312.3
628.347
38029.7
532.286
34020.5
624.88
34114.7
516.339
34149.8
522.924
33990
587.453
33928.2
632.297
36141.3
578.492
34456.2
495.902
35237.7
499.471
34749.2
547.892
34501.3
599.911
34522.7
797.908
34197.3
578.853
10968.4
1385.86
1395.2
1363.24
1374.81
1374.57
1437.43
1374.05
1357.68
1328.82
1387.46
1372.34
1370.8
1430.57
1413.47
1364.3
1398.5
1440.57
1423.64
1353.74
1355.68
1303.22
1269.57
1281.24
1262.88
1259.56
1263.37
1278.25
1273.05
1292.41
1318.73
1304.45
1253.17
1314.17
1308.01
21110.9
13816.1
21095.2
597.776
40492.3
505.093
35460.7
486.39
35078.1
501.465
35248
503.189
35448.9
485.338
35227.8
510.195
35340.1
531.264
35061.8
613.753
35716.7
585.448
35461.1
481.569
1233.54
1220.7
1228.97
1223.54
1248.14
1167.23
1286.47
1180.57
1271.22
1255.9
1263.65
1245.61
1224.13
1188.99
1240.79
1251.51
1255.85
1242.5
1251.58
1241.45
1265.22
1302.79
1212.02
1260.83
1221.03
1223.37
1168.96
1188.81
1225.17
1278.34
1235.39
1201.83
1193.12
1237.56
1214.48
1238.3
1262.01
1206.98
1292.49
1204.64
1189.47
1243.08
1230.88
1245.23
1236.89
1257.83
1300.54
1237.61
1220.17
1232.58
1230.04
1261.13
1206.76
1273.48
1224.26
1223.48
1210.11
1238.11
1232.88
1248.47
1221.9
1273.95
1182.41
1212.51
1216.92
1235.08
1213.65
1240.14
1230.72
1220.13
1253.21
1248.19
1251.29
1242.36
1169.13
1216.37
1240.71
1280.07
1247.15
1200.37
27059.4
17648.3
25791.4
41628.4
33951.6
541.066
34380.6
653.105
34642.4
635.984
34784.7
660.892
34773.6
553.555
35940
595.261
34696.5
621.903
34464.4
610.987
34939.6
626.673
36519.3
539.442
34755.6
639.754
35122.6
586.892
34890.1
610.346
34801.1
1466.32
1442.41
1476.44
1447.24
1355.63
1450.72
1471.04
1401.31
1430.01
1434.53
1413.47
1431.59
1375.86
1406.47
1340
1418.5
1491.5
1313.42
1321.41
1330
1361.76
1370.33
1331
1378.68
1428.24
1363.55
1482.95
1341.06
1501.04
1364.49
1467.22
1338.28
1467.1
1300.33
1521.1
1375.74
1523.07
1321.34
1469.43
1482.93
1399.8
1363.44
1432.73
1306.58
1440.74
1392.99
1503.72
1386.03
1417.38
1345.95
1275
1303.75
1333.49
1334.05
1442.21
1315.26
1390.8
1453.77
1552.3
1572.35
1521.5
1495.92
1585.55
1432.23
1520.18
1798.99
1471.19
1551.14
1376.75
1370.97
1491.86
1402.32
1388.38
1430.95
1349.88
1429.08
1370.08
1356.1
1399.88
1395.42
1374.04
1431.17
1309.85
1389.21
1361
1386.86
1428.13
1366.45
1418.49
1504.8
1379.48
1363.98
1356.62
1460.49
1642.77
1438.33
1404.38
1420.71
1375.72
1371.18
1380.59
1396.31
1368.18
1700.23
1467.71
1662.45
1805.89
1447.96
1567.05
1760.18
1563.66
1566.7
1914.94
1846.3
1696.04
1469.84
1699.56
1495.02
6465.68
12659
777.321
38813
37044.2
554.116
37675
569.752
37910.3
643.713
38538.9
696.003
37643.3
677.551
37937.6
649.305
37109.3
677.39
38221.3
675.857
36899.6
684.727
38061.1
37653.3
548.794
37834.1
981.411
35695.8
552.994
34711
654.768
28737.7
556.081
592.886
543.131
627.736
540.665
667.878
572.338
27553.2
659.038
581.259
602.347
635.654
677.17
664.27
545.938
27376.1
652.593
694.98
703.48
644.004
659.98
562.947
664.42
28429.9
556.311
633.76
669.612
554.297
596.324
676.728
17164.9
12794.5
11012.3
1424.8
6054.09
18264.5
264.148
27839.4
11288.5
14711
538.531
31923.7
27747.6
534.221
34777.5
664.36
31804.5
495.843
32485.4
600.924
32115.2
592.765
30181.5
518.324
19533.3
586.27
19516.7
590.37
15682.2
634.231
1273.74
1302.51
1270.88
1264.52
1273.21
1270.87
1364.39
1287.66
1281.04
1256.07
1240.44
1269.31
1312.72
1310.35
1387.1
1309.14
1265.82
1276.02
1307.5
1275.82
1293.47
1370.56
1273.92
1273.91
1290.85
1305.06
1284.66
1234.75
1260.89
1276.13
1304.29
1267.36
1252.08
1288.41
1226.64
1225.48
1271.25
1248.22
1302.16
1261.46
15001.9
16821.6
4428.51
512.932
27052.5
628.187
1282.39
1408.87
1236.09
1273.32
1294
16805.2
13448.9
1453.19
51491.5
12923.1
21756.3
22462
1030.19
117.751
15749.6
19889.7
599.922
15115.6
35288.4
14193.3
13491.2
24228.5
537.828
35945
645.216
32202.1
549.055
33608.4
612.841
33593.7
495.893
33730.8
592.675
32671.2
481.158
33594.7
487.824
33925
633.098
32090.9
603.51
32221.3
608.221
34645.3
500.352
16308.3
1316.19
1271.65
1279.39
1293.15
1228.14
1266.55
1260.81
1319.6
1347.31
1371.22
1268
1292.39
1256.02
1282.48
1266.29
1307.71
1334.57
1273.46
1249.95
1286.88
1259.42
1285.32
1272.62
1267.23
1272.01
1282.28
1272.85
1280.73
1256.38
1294.48
1295.22
1273.37
1299.13
1279.62
1252.17
1270.18
1336.11
1270.29
1363.03
1289.68
1319.23
1287.58
1234.42
1302.92
1238.55
1303.89
1277.56
1284.87
1247.61
1335.08
1227.54
1233.05
1232.49
1266.53
1276.94
1292.7
1313.91
1257.69
1278.79
1253.73
1296.15
1324.23
1312.72
1271.41
1298.49
1305.66
1232.94
1230.33
1318.86
1299.07
1275.21
1252.53
1227.07
1324.69
1272.73
1304.81
1307.77
1296.78
1312.03
1314.14
1292.69
1251.2
1263.08
1261.89
1292.33
1280.78
1288.43
1281.45
1306.9
19044.5
10634.6
10967.3
637.238
30374.9
1323.14
1310.29
1305.31
1263.97
1313.6
1207.42
1225.53
15025.6
22200.9
44988.8
4929.97
2746.06
2127.49
1226.09
25657.3
11294.2
13448.2
34569.4
25031.5
25952.3
24882.1
24540.4
24816.3
24712.6
479.655
26299.5
24311.3
20401.6
608.111
1278.3
1289.01
1295.35
1288.47
1252.8
1239.53
1227.65
1235.46
1233.83
1270.82
1247.71
1210.48
1232.79
1192.66
1259.61
1220.51
1189.16
1205.91
1281.83
1307.51
1238.49
1280.42
1213.75
1213.27
1193.43
1213.2
1276.13
1270.94
1208.22
1221.42
1233.13
1243.76
1185.63
1240.57
1233.62
1244.5
1178.13
1209.78
1277.47
1227.42
1244.08
1279.79
1208.31
1207.26
1200.08
1174.78
1214.6
1173.93
1197.08
1284.29
1244.29
1227.7
1198.17
1213.4
1182.82
1158.85
502.197
477.58
452.342
548.945
40545.3
20086.3
33549
32052.1
41573.6
607.399
35437.8
615.869
16449.3
1268.86
1328.6
1338.73
1413.6
1371.49
1306.93
1362.37
1367.19
1322.97
1482.07
1430.61
1369.01
1448.97
1352.28
1366.08
1381.34
1420.54
1413.49
1477.89
1472.2
1326.95
1440.44
1403.22
42668.3
13456.7
26192.9
33419.4
29193.4
549.767
36522
636.386
35188.1
630.512
37162
667.036
34649.5
561.142
35243
616.139
35256.7
677.782
35845.6
658.556
34709.1
638.14
35544.8
562.616
35672.9
566.635
35732.2
674.393
34299.7
640.085
35967
571.547
36264.6
559.609
575.255
625.931
637.418
547.06
29796.2
682.702
589.729
661.233
561.464
573.23
570.183
29706
592.785
650.268
556.863
605.535
534.571
530.462
28359.9
581.188
657.575
552.132
664.681
669.141
621.231
28419.6
601.245
658.427
635.143
708.663
550.217
637.007
29391.4
657.404
681.54
570.885
551.801
551.43
646.519
29343.4
576.157
678.824
569.843
635.624
648.985
657.024
29422.3
682.492
687.644
571.577
722.905
690.951
674.895
30042.3
661.092
590.711
656.863
637.008
640.636
612.922
29406.4
569.823
560.993
568.61
559.509
566.906
653.225
29460.2
1030.46
681.58
645.046
549.596
620.61
647.351
30739.3
705.776
629.56
670.154
620.439
654.979
657.324
28786.7
608.752
569.342
699.05
674.444
627.826
664.01
29408.5
581.639
559.088
562.596
606.136
554.327
555.71
28352.8
602.438
587.643
555.8
564.54
567.327
580.036
29408.8
604.793
649.666
723.627
658.958
620.218
536.606
29367.6
667.598
642.379
564.941
529.339
672.179
664.13
28629.8
716.039
650.859
626.302
625.03
632.317
644.124
29739.1
674.414
655.499
575.225
548.713
566.495
584.145
29646.1
647.863
544.374
593.437
556.472
678.232
640.375
29920.4
669.452
626.724
546.609
543.923
536.867
560.31
27692.3
640.635
660.983
644.043
655.129
697.587
661.473
29168.7
584.367
559.058
699.431
670.284
633.018
599.841
29318.1
695.913
640.947
634.432
562.947
647.431
547.982
27346.9
566.234
564.199
573.641
583.294
644.033
649.145
27700.4
589.668
581.399
545.376
553.826
530.312
560.321
28358.1
676.97
656.301
646.008
658.156
590.089
597.176
29062
646.83
555.138
623.797
667.147
586.341
575.486
27838.6
610.978
656.332
650.008
656.913
649.346
690.832
29713.7
565.773
676.228
644.836
652.613
551.089
539.162
29485.3
590.31
635.223
655.269
640.706
627.164
549.716
27501.7
653.756
559.719
617.652
612.371
602.738
520.679
28473.7
594.369
620.008
636.666
583.093
626.032
662.196
29106
588.887
574.293
669.161
570.374
562.165
556.522
28207.1
619.777
598.809
675.897
679.596
625.07
656.812
29802.9
609.474
646.199
704.994
669.973
707.209
691.302
28005.1
664.661
718.676
604.372
602.097
597.546
592.464
28162
559.349
564.871
540.285
577.139
640.586
599.18
28423.9
701.586
648.374
578.643
652.373
638.29
616.42
28453.7
705.575
655.71
652.633
534.902
661.403
669.071
28535.8
624.749
521.521
525.23
636.346
618.214
557.834
28819.8
673.431
529.65
630.162
539.894
542.419
614.516
29022.8
629.289
618.054
642.62
651.311
638.932
640.947
28944.7
536.215
543.893
517.612
522.243
531.584
642.22
27767.6
660.582
684.367
547.17
639.654
542.66
624.308
29211.4
620.069
552.443
632.386
545.236
548.604
554.106
27282.7
543.221
528.798
541.738
525.31
561.663
609.825
27624.8
593.898
621.692
617.954
639.333
570.604
663.158
28927.3
539.222
548.563
637.178
622.153
548.072
549.015
29089.2
638.009
624.96
536.726
595.13
627.505
627.676
27359.8
634.732
623.717
621.883
630.913
545.557
538.04
28181.2
647.842
546.388
638.22
530.232
629.37
615.408
27412.3
557.214
630.943
622.113
623.817
612.741
628.388
27427.4
608.121
656.091
631.515
630.082
633.068
530.603
27268.1
625.802
638.42
576.158
549.686
561.674
564.37
27896.1
628.317
653.495
544.394
529.59
542.56
523.616
29849.5
533.93
523.286
527.655
613.693
650.267
508.952
29898.3
638.07
593.227
530.953
608.221
570.755
501.004
29891.4
565.202
566.625
609.063
600.423
552.372
559.91
29972.6
532.086
529.51
571.837
578.012
611.178
584.777
30596.5
611.067
632.196
516.81
540.445
558.427
601.916
30885.7
544.915
525.341
532.246
584.386
637.268
648.153
28799
611.328
509.013
512.531
591.402
506.907
626.453
30525.1
521.471
609.935
611.769
524.759
610.666
528.548
29194.5
538.019
543.792
529.409
528.046
531.404
625.19
29732.3
612.792
634.722
541.387
578.462
549.947
589.258
30456.1
619.147
604.522
521.07
506.747
547.16
562.866
29134.5
534.752
525.862
603.44
664.169
554.889
660.491
28622.7
572.589
543.121
621.702
547.622
621.652
630.512
19813.6
607.911
621.151
625.19
607.81
598.9
1326.28
1316.03
1350.03
1282.06
1330.38
1414.87
1324.17
1359.06
1344.28
1421.5
1355.32
1323.16
1385.61
1300.08
1322.67
1363.01
1305.37
1347.68
1304.06
1323.57
1297.01
1285.12
690.159
699.702
101113
9296.99
1612.05
1455.96
1471.76
1500.19
1486.85
1483.77
1496.05
1485.61
1508.55
1513.81
1436.59
1506.1
1500.6
1429.92
1520.12
1464.68
1575.94
1502.47
1539.46
1386.27
1613.06
1358.51
1485.33
1485.04
1501.4
1475.47
1504.65
1437.83
1525.49
1415.23
1584.27
1460.37
1493.83
1403.84
1506.62
1351.22
1544.81
1380.5
1425.2
1301.9
1422.44
1378.31
1424.43
1370.45
1379.91
1313.88
1373.64
1386.51
1383.95
1389.05
1411.78
1316.28
1391.01
1403.87
1373.1
1319.37
1316.18
1327.87
1489.35
1399.43
1343.08
1336.27
1403.44
4695.29
582.552
30871
27482.4
511.759
33350.3
579.565
34054.7
589.498
33910.7
736.045
33547.6
480.086
33052.2
604.662
32797.3
517.573
33823.6
634.1
32958.9
568.149
33136.5
587.423
32899.7
509.835
34482.4
625.07
33562.5
603.44
32838.5
509.704
33210.8
522.494
533.238
622.243
536.807
634.592
28004.3
606.296
737.77
515.778
604.432
529.409
520.458
28169.5
494.479
548.513
603.621
586.962
607.118
623.276
28976.3
505.163
535.403
517.091
567.276
584.676
619.056
27761.1
504.883
496.594
504.642
606.167
589.257
636.386
27981.8
518.835
523.796
601.927
601.135
495.331
489.096
28722.9
501.595
573.08
601.635
512.209
567.396
615.207
31364.7
528.397
635.765
652.823
634.09
531.104
529.9
28686.8
592.976
609.564
562.205
615.538
589.709
509.584
28219.6
610.325
594.871
500.523
605.204
644.625
565.573
28197.9
597.757
723.717
506.316
535.493
500.743
604.623
27431.2
512.461
589.538
506.717
561.504
648.645
625.441
28361.4
616.37
630.402
602.839
590.831
644.063
514.485
27560
619.407
637.989
560.972
726.072
536.135
562.997
27606.7
519.256
586.44
524.307
562.245
503.4
579.696
28667.6
651.25
630.603
656.282
650.699
570.555
551.931
535.965
27396.2
601.665
515.227
522.624
586.481
519.547
576.919
27022.4
600.322
574.313
505.314
586.18
529.54
500.603
27758.2
528.337
614.816
510.025
532.707
600.112
501.835
26911
618.044
498.479
601.676
647.551
617.813
742.52
28327.9
599.17
616.811
534.962
518.996
507.589
523.165
28185.3
600.313
623.476
524.087
519.186
511.668
590.199
30604.7
512.581
515.518
717.212
652.463
635.975
529.51
28887.9
516.62
575.084
509.484
585.96
545.466
506.206
28150.4
600.543
573.32
492.544
529.68
498.829
547.632
28346.7
679.325
532.015
548.614
511.137
594.48
503.77
27159.8
511.698
564.57
604.011
632.005
514.134
588.726
26935.6
520.239
518.474
598.709
605.385
487.433
520.73
27200.8
643.121
537.959
571.938
576.468
523.907
546.218
27222.1
639.132
661.383
650.278
640.596
503.429
635.253
27473.5
608.251
511.969
506.857
637.228
575.425
658.186
28448.6
594.219
513.843
519.637
599.09
619.025
549.325
27046.1
616.58
631.335
494.078
600.754
561.653
518.775
26959.8
524.799
498.277
550.518
640.135
629.911
598.458
29683
592.976
592.124
581.029
502.998
530.071
538.46
30738.4
598.298
587.222
518.484
578.864
571.046
664.4
29710.6
558.346
597.436
592.605
560.461
566.033
623.626
30531.8
513.713
593.838
497.596
544.945
585.428
604.863
32712.3
508.201
599.812
620.369
600.794
499.511
495.561
29359.1
592.875
511.769
596.634
566.796
616.84
609.404
29725.6
571.827
603.56
626.082
595.041
611.128
595.793
31358.3
486.291
614.826
584.747
525.42
581.429
510.576
30765.6
560.562
513.843
555.439
540.185
562.135
544.144
30820.5
642.981
641.267
543.953
656.252
495.491
661.223
32214.9
541.918
628.097
579.936
518.936
544.274
531.685
29144.9
590.5
513.483
559.228
541.978
616.019
588.074
29566.1
534.892
616.5
562.877
528.357
512.912
510.145
29116.1
504.742
524.779
615.538
542.6
630.312
543.071
29411.2
550.408
646.118
642.48
537.809
524.529
505.304
29965.9
588.185
559.79
513.603
594.5
594.379
529.169
29013.5
557.394
629.079
647.611
580.337
654.397
585.76
29445.4
586.802
673.752
631.434
577.741
669.331
579.444
31476.5
671.156
652.894
616.33
677.1
666.666
654.398
32561.2
696.605
587.633
645.818
662.055
551.16
596.434
32243.4
678.934
556.702
603.289
664.22
675.787
673.982
29587.4
699.922
674.343
560.451
655.791
660.061
562.706
27902.9
735.935
688.015
706.046
563.769
613.724
624.339
22828.9
691.422
617.633
626.293
691.112
593.176
701.757
658.206
22294.8
706.367
698.549
648.032
620.008
666.074
732.838
678.473
22168
654.227
655.449
676.408
610.537
577.17
696.454
22763.3
661.294
588.154
587.574
623.827
651.712
585.479
22934.8
547.301
568.269
652.704
688.917
574.643
685.509
22445
606.387
585.97
618.595
718.575
678.683
664.039
22078.2
657.574
685.037
587.112
654.537
692.766
678.863
719.007
23517.5
628.659
690.26
589.487
688.276
599.691
606.888
22997.2
647.01
668.379
566.645
659.259
565.693
633.76
22426.7
643.702
637.168
617.012
686.05
667.377
573.591
22607.5
643.773
586.441
613.753
571.025
656.993
678.613
676.298
22696.3
658.327
658.106
553.865
565.463
650.217
575.034
21895.2
695.191
669.352
661.433
652.924
565.453
653.315
669.512
22093.9
588.325
665.653
577.13
577.3
692.004
569.111
643.281
22586.6
538.37
546.058
638.38
553.845
607.429
545.356
588.215
23859.8
629.991
540.575
601.124
610.216
604.753
623.997
19081.7
1507.84
1413.07
1513.59
1386.92
1499.16
1392.65
1565.75
1433.11
1601.86
1405.08
1468.67
1439.77
1468.73
1354.52
1540.07
1363.1
1485.04
1404.5
1471.92
1358.88
1370.31
1368.63
1341.92
1361.41
1352.09
1384.97
1513.25
1337.8
1373.67
1386.61
1358.64
1415.45
1367.13
1451.46
1440.22
1355.28
1330.6
21432.6
10448.3
26354.1
32498.8
611.338
36894.1
604.442
35078.3
602.227
34994.8
519.416
35549.5
566.845
36587.7
539.983
34915.6
540.445
33936.3
519.347
34440.7
504.522
36604.3
506.537
34043
515.317
34078.7
609.975
33827.1
603.39
36925.6
519.857
34058.9
533.289
33638.9
527.164
619.177
614.215
639.423
594.961
601.075
591.993
26876.7
503.43
519.216
507.98
536.035
512.28
501.465
599.3
26748.8
517.993
526.082
513.212
552.273
631.805
619.106
511.499
26440.9
570.294
604.372
567.557
547.591
594.75
503.871
597.537
26219.7
518.304
619.376
518.735
628.437
634.932
510.135
608.823
26758.5
569.521
611.89
510.175
589.007
603.3
608.271
581.89
26566.1
633.439
581.209
524.228
534.641
630.682
640.205
579.475
27762
497.736
512
602.358
507.84
530.111
605.003
518.755
28065.8
515.197
612.822
504.271
610.015
542.47
622.344
613.152
27324.3
531.034
614.385
604.392
610.887
581.479
617.803
605.295
27800.1
568.911
517.502
502.668
540.425
623.406
518.134
539.012
27198.6
512.902
515.899
614.776
516.439
605.495
504.883
586.942
26898.1
547.18
621.581
598.449
529.39
521.361
610.596
528.818
25697.7
613.333
595.041
576.167
535.373
510.135
596.905
542.951
25851.1
608.382
498.448
518.144
513.312
634.973
623.185
619.357
26450.4
638.761
636.777
676.729
518.594
615.067
564.721
511.529
27485.9
605.214
601.335
522.684
530.622
517.653
616.079
626.453
26922
561.574
522.634
527.686
604.803
601.887
566.685
501.425
27215.1
626.683
541.948
536.736
601.796
628.898
599.942
513.824
25802.1
522.865
513.292
518.224
568.811
522.002
518.043
611.518
25750.2
600.092
505.926
617.563
532.386
604.422
518.113
604.192
26121.1
618.565
617.672
529.961
587.393
573.561
629.51
577.481
26993.5
629.831
594.82
528.236
659.68
511.989
524.458
612.952
26277.4
591.332
603.891
510.887
603.109
512.811
604.683
527.776
27214
528.287
596.474
509.584
616.79
520.579
626.423
526.563
25912
539.012
624.559
525.932
615.197
525.791
576.739
604.211
25866.7
604.933
517.031
618.575
523.325
582.342
602.898
558.406
26546
557.554
497.847
620.95
504.993
610.777
517.151
611.218
27778.2
570.654
609.153
501.575
608.542
512.882
589.608
510.666
27080.1
562.305
599.13
614.305
492.845
553.154
574.232
600.583
25819.7
598.499
500.753
582.101
534.381
507.679
507.91
496.103
25223.4
496.664
503.64
616.049
542.95
503.5
589.858
495.652
26629.1
515.928
604.282
496.393
590.239
542.48
609.233
502.869
25194.6
494.268
612.25
590.56
511.98
598.78
539.582
601.957
25324.3
608.011
497.566
574.173
596.083
581.73
499.782
563.849
26326.4
497.266
546.399
579.605
507.7
493.948
588.235
505.846
24928.2
496.444
491.983
568.148
592.996
495.943
564.61
486.581
25309.7
521.712
518.735
577.12
530.472
610.336
507.449
604.733
25135.8
588.576
497.215
588.295
571.737
485.288
498.969
579.906
25536.4
482.491
488.405
500.202
508.271
576.107
507.68
587.683
27784.8
602.979
517.472
588.506
512.41
619.718
498.428
499.361
28276.2
515.016
514.405
639.773
530.963
626.143
580.898
534.31
28617.9
566.665
619.527
520.85
619.287
543.232
705.324
526.744
31940.5
613.483
548.523
637.318
721.461
557.535
656.833
546.83
31850.4
543.351
596.955
608.562
638.059
514.244
636.246
548.333
32284
545.256
534.742
515.548
527.686
523.325
535.975
622.865
31932.9
620.229
627.174
545.206
500.883
621.231
597.636
554.487
35266
670.594
626.704
542.37
556.492
634.061
640.966
562.606
31912.6
659.759
627.615
559.128
527.455
567.067
618.645
573.421
30837.4
545.977
625.06
556.993
523.726
600.633
617.162
609.453
31251.6
647.872
551.43
551.991
618.675
533.579
547.852
617.102
31226.8
540.525
522.634
597.958
518.214
530.632
552.232
564.57
29481.4
620.078
544.043
537.798
614.225
530.061
625.761
621.281
23543
601.876
491.282
538.791
506.777
606.537
533.539
518.133
21916
519.547
614.094
520.248
623.386
557.564
533.118
569.922
20207.3
611.137
699.832
622.173
679.896
589.538
670.665
624.027
21075.1
594.298
684.006
686.471
595.512
675.396
622.443
577.681
21577.5
563.969
632.948
577.41
668.76
641.868
553.505
569.301
19985.4
620.88
697.105
620.96
684.366
605.855
684.376
642.46
21461
710.867
616.801
693.818
689.859
604.904
604.032
693.859
21246
656.813
740.125
620.229
707.33
705.956
623.917
706.989
19967.8
653.947
682.773
595.361
663.288
680.317
596.865
672.97
22571.9
654.297
699.04
653.566
681.44
654.237
684.136
690.781
22277.8
683.765
675.356
682.944
645.957
585.669
562.896
655.309
20243.1
668.71
657.053
572.418
569.662
621.722
690.08
578.603
20604.1
717.062
632.988
681.89
668.75
586.962
678.833
582.481
20644.1
677.17
581.54
585.308
665.744
679.756
665.814
691.934
15534.3
680.467
645.166
668.209
667.487
601.656
1426.12
1416.9
22285.5
18331.6
21559.2
28535.7
50515.5
73595.5
20039.5
26492.9
27687.1
5921.59
15919.8
9604.38
31250.8
35092.3
34302.4
626.002
34029.1
588.285
35974.2
632.457
36354
597.186
34290.7
532.607
34285.1
612.841
35041.1
649.014
35284
622.804
33973.6
620.149
34488.6
634.371
34708.6
620.369
35300.1
533.79
34752.7
542.129
33817.9
539.453
623.325
595.882
525.34
505.945
608.552
534.781
27986.2
612.722
627.355
569.271
636.617
549.726
26212.1
663.428
549.726
637.588
554.197
637.087
543.041
610.717
26269.3
523.015
520.048
639.112
558.206
631.054
631.445
528.939
26281.8
530.131
546.198
547.902
541.357
567.226
536.516
534.221
1316.12
1318.37
1314.22
1310.63
1322.86
1330.41
1317.11
1293.2
1343.87
1353.54
1300.5
1313.29
1342.91
1374.04
1311.43
1344.05
1435.83
1379.89
1331.19
1319.34
1320.27
1332.02
1431.99
1339.86
1327.74
1389.99
1319.6
1367.31
1338.01
1401.43
1391.23
1344.95
1265.07
1374.29
1312.58
1291.82
1322.91
1330.81
1389.25
1380.09
1340.32
1330.52
1299.06
1352.99
1323.65
1394
1350.38
1334.17
1356.91
1351.06
1282.71
1296.56
1297.13
1323.71
1305.51
1362.44
1300.65
1342.96
1272.13
1311.53
1370.3
1379.63
1291.27
1324.08
1314.66
1322.33
1298.93
1354.76
1340.88
1327.52
1326.59
1317
1325.55
1294.52
1340.39
1298.45
1254.81
1310.82
1278.33
1282.59
1312.94
1254.27
1295.94
1363.02
1327.75
1292.41
1333.05
1300.04
1317.36
1284.57
1276.17
1302.2
1267.3
1301.17
1340.39
1272.23
1286.87
1261.04
1259.82
1270.7
1240.28
1222.25
1231.87
1225.74
1232.32
1249.55
1220.23
1292.38
1320.64
1318.22
1322.16
1307.61
1298.29
1298.27
1284.49
1269.95
1338.67
1289.47
1265.22
29066.3
42730.4
37475.4
637.769
33893.5
27396.1
653.656
34291.3
650.609
34344.1
556.351
34607.4
628.067
34277.1
600.484
34198.3
540.816
33448.6
655.429
547.11
668.039
645.046
560.131
27854.5
624.358
606.988
558.817
556.582
631.044
645.427
28576.7
550.728
536.215
676.519
532.126
619.828
530.301
27509.4
545.837
552.252
541.427
621.492
536.445
624.93
28143.6
610.647
548.985
545.386
647.622
628.468
546.178
27005.6
640.705
634.231
568.99
545.757
552.372
551.821
27027.1
562.997
587.003
504.412
492.916
640.796
611.048
27912.4
488.015
565.522
545.386
537.999
502.037
497.416
27421.7
547.722
519.527
584.036
510.977
593.196
549.756
4195.69
1299.86
1300.66
1268.5
1301.36
1305.5
1291.88
1324.66
1256.39
1299.6
1271.63
1275.66
1233.8
1275.78
1388.69
1288.67
1310.75
1340.07
1424.61
1301.37
1406.37
1322.07
1311.28
1290.04
1282.78
1347.36
1357.95
1280.78
1331.3
1321.37
1401.1
1378.18
1308.43
1341.49
1339.81
1270.93
1296.29
1293.12
1319.43
1308.9
1332.11
2630.42
1336.36
1339.36
1328.89
1340.41
1317.8
1351.07
1333.78
1306.72
1367.33
1405.79
1299.13
1286.98
1419.49
1325.49
1278.08
1294.85
1285.34
1345.51
1360.23
1303.45
1288.2
1341.06
1257.49
1309.75
1286.13
1327.37
1270
1314.03
1354.41
1373.24
1298.92
1382.55
1533.67
1622.57
1377.95
1356.2
1378.45
1283.6
1286.28
1296.79
1358.99
1363.77
1340.53
1403.62
1357.14
1307.88
1306.64
1394.97
1358.94
1315.22
1291.99
1325.17
1267.2
1351.09
1297.91
1273.48
1355.24
1325.39
1292.01
1272.31
1273
1278.27
1357.58
1342.58
1311.03
1285.63
1295.54
1264
1252.41
1249.91
1240.7
1242.35
1232.33
1240.45
1251.04
1246.77
1223.96
1247.07
1242.57
35429.5
54760.4
12122.9
24812.6
55646.5
35159.7
35079.4
733.89
34820.1
623.165
35678.6
645.146
35537.2
618.314
35681.6
660.281
35899.7
661.354
35189.4
629.68
35078.3
536.205
35142.3
634.372
35321.3
571.005
36402.2
665.914
35865.8
571.136
36121.2
688.195
29137.7
674.473
668.099
556.191
655.901
590.73
626.333
635.313
28664.1
650.569
635.984
656.212
651.902
687.163
640.515
664.791
28297.1
671.336
649.336
573.36
649.937
659.389
621.472
28145.1
662.867
665.733
676.519
571.517
671.867
610.837
651.07
16960.4
574.353
676.197
565.572
669.994
1390.4
1374.01
1376.75
1391.26
1403.09
1366.17
1385.94
1345.3
1376.33
1395.51
1369.43
1313.13
1365.28
1408.74
1330.03
1348.61
1393.85
1339.62
1350.65
1352.84
1384.06
1331.55
1341.7
1405.27
1506.15
1349.98
1383.5
1428.12
1383.98
1356.9
1316.42
1323.99
1368.8
1328.17
1368.8
1307.25
1304.22
1351.94
1328.09
1321.39
1360.79
1327.58
1359.86
1391.9
1352.81
1354.48
1371.94
1322.34
1386.97
1358.06
1374.47
1360.22
1411.43
1358.75
1371.66
1382.18
1339.64
1318.7
1339.06
1340.87
1272.1
1339.06
1387.97
1368.11
1329.82
1362.79
1378.98
1331.32
1334.42
1330.55
1333.13
1412.31
1296.38
1354.19
1356.28
1347.04
1349.08
1349.71
1372.59
1337.75
1347.71
1287.63
1330.59
1427.03
1331.62
1369.36
1313.03
1401.15
1307.65
1315.92
1340.5
1377.59
1329.63
1385.67
1313.79
1338.24
1431.7
1367.84
1371.77
1358.36
1421.12
1420.07
1400.04
1396.34
1342.88
1398.04
1370.86
1378.6
1372.13
1383.29
1351.45
1358.8
1286.64
1358.9
1389.14
1324.62
1388.81
1447.33
1332.36
27540.7
19301.3
18761.6
13102.4
66630.1
47605.8
34754.7
536.185
33975.1
639.944
34006.2
528.888
33996.5
662.085
33994.5
633.69
23324.7
540.856
20403.3
589.026
21120.7
538.521
20937.8
635.885
21018.9
548.213
20409.1
585.719
20253.2
629.23
11450.4
1312.76
1335.84
1387.54
1457.15
1343.8
1342.68
1342.77
1405.31
1318
1379.71
1319.52
1320
1407.95
1360.05
1372.89
1435.98
1375.83
1301.34
1389.05
1327.78
1327.53
1297.56
1298.16
1325.12
1325.22
1252.49
1377.58
1327.85
1304.29
1384.89
1356.23
1323.8
1290.74
1338.54
18391.3
4505.36
12640.1
573.34
36092.3
650.207
32886.7
528.437
33023.7
654.117
33373.3
617.182
33186.7
603.751
33601.9
598.699
34348.8
517.241
34631.1
610.997
34011.9
590.099
34409.6
536.025
33943.1
613.794
34397.6
547.992
33754
525.771
33351.2
615.077
33613.1
539.483
27586.2
509.974
559.86
603.119
531.715
526.372
621.281
577.31
28746.6
617.332
547.461
540.275
615.478
623.857
517.322
532.276
28641.7
517.562
587.544
536.465
562.465
535.383
599.942
28559.5
559.79
603.039
526.272
583.444
519.958
605.344
24191.1
21172.5
51140.7
14423.7
17674.2
40067.5
1366.35
1336.25
1320.27
1366.27
1292.71
1282.83
1332.21
4433.01
9037.24
554.457
26714.5
542.65
32696.8
542.028
32813.8
500.964
34061.5
561.323
33735.1
591.422
22853.6
1367.34
1332.71
1313.98
1313.27
1324.57
1317.54
1311.46
1280.66
1302.4
1289.42
1237.65
1297.52
1253.21
1214.48
1245.12
1250.36
1244.88
1252.01
1305.7
1218.58
1213.19
1231.23
1235.37
1283.2
1289.28
1255.61
1289.5
1210.42
1262.48
1253.76
1250.76
1220.44
1234.35
1223.81
1205.28
1241.01
1274.78
1242.39
1324.27
1298.08
1257.71
1293.32
1291.82
4354.28
611.609
29847.2
622.324
34080.6
566.435
33600.1
519.386
33481.9
576.157
1313.43
1298.42
1326.32
1376.29
1310.89
1288.04
1262.04
1271.72
1287.49
1293.83
1310.65
1321.83
1247.75
1257.47
1287.71
1305.34
1306.52
1343.21
1263.27
1279.66
1284.07
1360.88
1291.1
1320.88
1280.89
1339.63
1334.3
1243.26
1354.08
1278.06
1273.69
1257.6
22869.6
35208.9
26860.5
27112.2
11255
21277.1
31402.9
25827.2
541.157
23974.2
1388.39
1297.67
1254.14
1281.2
1230.66
1206.98
1242.79
1261.19
1277.67
1257.36
1260.01
1271.43
1253.76
1255.27
1208.75
1290.73
1289.44
1269.46
42209.9
17053.2
28134
39147.6
34076.4
636.235
33070.7
561.363
1252.09
1213.88
1285.88
1227.36
1301.37
1251.42
1280.58
1274.51
1258.02
1231.7
1264.96
1268.7
1257.55
1338.92
1261.21
1284.8
1260.54
1253.02
1248.27
1295.05
1216.92
1258.92
1243.28
38007.5
44616.9
5532.65
1838.23
25339.4
49553.9
5063.98
13508.8
4090.27
3146.08
2402.35
1442.87
30911.8
10098.2
9025.5
571.457
29566.9
26342.6
510.385
13559.3
1333.19
1302.97
1263.38
1284.85
1243.16
1281.33
1279.1
1255.1
1347.79
1336.1
1322.77
1308.23
1301.08
1322.27
1287.97
29393.6
40492.6
17926.9
19592.7
35982.5
32699.2
534.301
32930.4
521.802
33618.2
598.228
33653.9
505.093
33430.2
495.762
33832.6
479.945
1286.75
1260.46
1285.89
1293.14
1247.06
1327.22
1258.11
1247.43
1235.03
1234.04
1270.29
1313.9
1249.93
1245.1
1223.99
1276.51
1251.52
1259.88
1264.34
1280.12
1230.28
1271.85
1317.83
1265.79
1285.79
1281.39
1287.68
1245.16
1283.4
1282.75
1283.68
1276.09
1272
1208.93
1169.89
1204.28
1199.36
1204.22
1216.32
1222.99
1191.69
1237.01
1240.95
1265.04
1240.46
1236.3
1204.94
25933.6
17330.2
28749.5
38031.7
32888
567.617
31696.4
557.815
28334.7
1256.23
1301.91
1237.3
1219.26
1239.91
1239.17
1219.24
1222.75
1281.68
1296.12
1235.14
1278.47
1291.94
1250.52
1275.36
1298.44
1320.98
1244.37
1362.62
1383.77
1287.56
1317.22
1336.58
1270.01
1288.93
1240.76
1262.97
1341.04
1303.13
1254.17
1360.86
27885.6
32449.5
665.794
700.434
650.107
587.584
676.969
4779.93
9386.68
614.576
29457.2
25807.1
638.601
31854
532.226
1308.88
1281.76
1310.57
1286.96
1302.94
1302.18
1280.08
1303.01
1284.65
1309.91
1283.54
1279.79
1237.88
1273.89
1265.14
1313.06
1277.61
1235.21
1301.79
1231.16
1239.95
4415.72
535.845
31060.8
26012.8
522.564
32419.7
612.802
32608
511.658
32913.5
596.855
32208.1
567.628
32328.6
520.729
23895.4
1265.05
1278.78
1225.95
1225.13
1281.67
1267.5
1289.55
1208.21
1231.94
1261.54
1361.22
1239.55
1285.25
1192.92
1299.59
1283.05
1326.69
1293.01
1360.61
1269.2
1352.38
1255.21
1335.29
1247.08
1250.51
1256.75
1331.15
1205.76
1291.22
1200.54
1275.59
1240.75
1339.74
1263.7
1391.32
1306.21
1324.81
1274.6
1291.8
1269.89
1285.55
1252.1
1229.27
1255.25
1219
1239.87
1327.3
1264.87
1347.48
1248.43
1289.34
1257.89
1281.67
1279.34
1267.78
1239.36
1273.85
1287.68
51412.3
25693.1
17216.1
695.572
34343.8
589.338
36672.4
706.919
36058.2
730.904
36378.6
721.422
20796.5
1402.26
1378.68
1423.37
1435.14
1347.32
1336.83
1320.13
1318.04
1350.15
1423.93
1362.36
1278.11
1321.46
1261.85
1377.33
1410.76
1439.97
1438.41
1391.3
1490.91
1321.88
1310.01
1416.45
1365.99
1374.27
1328.36
1372.23
1331.79
1378.69
1400.28
1383.18
1332.33
1352.62
1407.42
774.224
50138.5
60595.1
3935.73
2503.91
1085.89
38741.4
14371.9
21837.9
40807.7
711.459
35986.5
615.598
1426.98
1414.1
1367.69
1417.57
1422.93
1453.05
1405.23
1478.85
1403.29
1409.53
1441.89
1398.16
1378.53
1394.67
1415.92
1417.02
1380.45
34554
14964.6
36476.4
31512.1
29733.3
647.912
36526.9
641.387
36541.8
677.922
1342.37
1335.26
1367.27
1332.58
1353.6
1321.24
1369.07
1389.24
1325.35
1337.67
1378.3
1347.16
1380.06
1318.47
1342.04
1296.05
1382.98
1337.09
1386.37
1319.45
1384.15
1333.01
1380.89
1422.57
1391.84
1386.41
1454.39
1413.94
1376.75
24877.6
30611.1
22885.3
32890.1
14205.4
19464.1
36503
28364.4
28928
29266.5
28947.9
28264.9
28103.6
29996.2
27895
27954.3
27798
28864.5
26279.4
27018.5
27665.3
28715.4
27023.4
27874.9
27299.9
27715
27155.1
669.873
664.761
669.331
565.482
28970.2
566.815
663.678
656.512
675.806
602.318
619.246
576.428
26962
647.641
673.3
551.28
552.663
678.824
656.513
27439.2
670.063
674.243
583.214
650.298
584.376
632.788
662.756
27967.8
586.701
640.605
614.004
679.626
630.122
636.055
654.468
28860.6
631.946
580.617
638.461
660.842
554.497
668.059
624.047
28142.5
625.34
538.802
595.892
539.933
556.592
632.598
530.222
28260.9
668.57
524.347
656.402
641.638
566.925
652.173
652.754
12749.2
631.234
680.387
583.354
1319.81
1335.2
1329.8
1336.06
1417.66
1276
1324.31
1299.72
1300.29
1285.75
1362.71
1304.93
1350
1272.13
1302.67
1377.5
1323.71
1304.55
1433.74
1312.8
1313.86
1304.7
1297.99
1261.49
1325.83
1421.11
1371.39
1305.62
1392.69
1283.52
4629.47
9432.11
654.748
34035.9
28635
625.13
35236.4
618.084
34652
622.304
30392.4
1353.61
1427.48
1344.83
1331.17
1391.4
1406.7
1378.9
1312.76
1356.91
1319.5
1415.68
1337.87
1358.33
1362.58
1357.42
1340.66
1360.82
1322.19
1351.68
1322.35
1313.13
1319.06
1345.54
1394.27
1354.29
1328.83
1347.5
1326.04
1318.89
1377.02
1303.17
1304.73
1328.01
1339.6
1406.02
22466.3
27632.8
3280.01
2286.68
1067.51
35193.2
13312.5
31325
38304.7
569.312
35759.6
641.528
36048.3
565.172
35813.2
570.665
26648
1386.58
1497.72
1364
1389.01
1340.31
1348.13
1444.27
1381.44
1382.22
1355.41
1355.88
1363.13
1355.16
1355.19
1480.81
1326.33
1439.81
1403.67
1398.45
1308.45
1419.21
1339.29
1411.75
1455.63
1416.79
1388.8
1373.54
1286.57
1335.95
1344.33
1319.02
1331.88
1362.05
1271.66
1290.48
1365.02
4582.32
11682.6
550.909
35112.4
649.145
35337.8
610.687
1364.7
1321.98
1338.29
1324.68
1291.89
1370.55
1366.03
1298.72
1319.02
1315.75
1337.83
1352.41
1316.25
1382.57
1335.22
1331.38
25752.8
12177.7
15460.4
550.589
33167.2
618.404
36033.4
522.163
35706.4
646.429
35841.6
642.581
34986.9
507.589
33580.3
638.942
26231.4
536.937
16581.9
618.935
1279.79
1290.71
1362.06
1388.29
1305.59
1343.67
1389.81
1326.58
1309.61
1364.35
1290.82
1331.68
1307.07
1351.16
1379.7
1308.81
1346.24
1307.1
1348.4
1294.38
1428.86
1309.83
1397.91
1305.6
1302.67
1374.94
1278.38
1304.05
1306.8
1334.84
1430.17
1322.61
1282.93
1397.94
1303.95
1265.06
1340.91
1330.79
1346.52
1366.08
1301.65
1368.09
1315.43
1294.72
1410.29
1333.92
4986.23
580.979
30466.8
604.473
34707.7
601.125
34858.6
552.913
13345.7
1369.02
1350.09
1364.72
1312.7
1346.83
1327.79
1366.46
1315.19
1320.36
1298.68
1312.54
1356.72
1293.87
1294.09
1276.34
1339.02
1290.92
1328.37
1300.73
1334.86
1307.57
1350.56
1393.02
1349.93
29962
15492.1
22530
39001.8
28100.2
27879.8
27525.3
25722.4
26335.6
25751.1
27199.7
26838.9
26374.1
25805.5
26744
26409.1
27260.3
24887.7
26160.9
26876.2
26869.6
26498.6
28133
30148.1
608.321
599.601
507.97
571.867
30198.3
617.703
604.011
512.351
522.153
620.109
515.697
503.179
30158.6
603.149
601.616
678.924
520.739
633.92
488.445
547.652
29630
636.236
514.776
525.721
616.49
593.056
617.022
633.138
30577
594.74
637.137
531.745
511.007
524.909
513.773
584.767
31104.2
523.055
505.815
615.548
614.646
503.55
595.452
596.494
29877
515.086
617.352
533.519
519.015
513.854
608.923
598.739
29387.8
512.381
517.291
526.292
573.371
624.959
607.619
601.756
29122.5
526.473
551.811
518.063
604.753
532.677
566.725
525.751
29085.9
523.014
523.065
599.32
578.973
584.797
591.483
619.988
29167
533.909
595.973
565.141
604.953
505.634
630.231
531.514
29898.2
531.163
530.332
528.016
516.149
567.527
612.772
622.875
28783.5
515.988
30487.9
30240.1
29263.8
36064.4
4702.71
22105.3
3947.03
3107.63
2341.55
342.68
28425.2
13343.3
21409.1
40857.7
30039.5
653.154
36911.8
686.622
36448.2
701.145
36784.1
605.184
35962.7
601.005
36182.2
769.322
36804.2
601.134
36667.2
595.181
36711.7
720.77
36840.3
597.607
36773.1
700.474
36657.6
702.027
10885.6
1429.35
1524.81
1418.65
1409.46
1490.62
1470.19
1379.53
1569.13
1376.74
1390.04
1378.15
1357.53
1361.18
1429.77
1364.31
1393.68
1414.16
1373.86
1416.65
1422.95
1376.09
1335.08
1457.33
1357.4
1462.77
1342.32
1372.28
1393.11
1377.11
1387.19
1352.13
1431.98
1451.9
1412.61
1377.63
21900.8
26985.7
2771.88
1991.68
4552.41
11920.4
654.297
28988.8
634.01
19146.5
1360.69
1319.74
1388.31
1297.98
1340.92
1354.03
1428.69
1392.49
1357.89
1268.15
1366.95
4780.57
12224.3
648.594
35431.8
664.872
36142.2
623.296
1415.16
1451.31
1377.93
1412.39
1347.56
1354.27
1406.8
1359.12
1415.19
1328.53
1387.46
1315.84
1407.39
1450.98
1344.29
1400.91
1374.68
10230.6
1784.81
4725.56
9456.28
645.237
29255.1
697.196
34563.4
642.34
35013.5
543.733
34600.2
524.177
34739.7
529.881
34987.1
552.984
35674.7
652.553
1366.62
1367.85
1412.48
1301.33
1380.84
1352.94
1374.7
1366.76
1418.49
1333.11
1394.43
1308.8
1298.29
1292.44
1309.07
1371.28
1355.53
1386.8
1320.74
1396.4
1328.31
1314.03
1297.98
1284.64
1315.93
1370.5
1377.56
1327.52
1288.55
1317.7
1360.13
1327.46
1328.12
1350.73
1479.31
1294.8
1367.28
1388.07
1341.18
1364.35
1332.43
1382.12
1353.02
1333.99
1332.37
1370.49
1353.01
1386.77
1349.47
1411.76
1425.82
1412.73
1347.58
37334.1
17418.4
49299.9
33261.7
557.043
34487.7
686.652
33737.2
681.309
33956.6
677.661
33815.8
624.919
36671.1
538.571
34673
553.786
35244.3
615.277
33856.3
550.939
34843.6
533.77
34060.1
637.579
33983.6
648.534
34256.1
651.09
34994.4
643.683
34056.9
638.831
540.214
548.203
631.996
635.584
618.855
545.356
14349.3
624.498
643.152
628.618
1307.59
1403.61
1375.56
1323.33
1338.85
1394.08
1294.13
1358.63
1293.07
1317.49
1295.42
1276.78
1265.85
1265.66
1328.73
1279.3
1334.25
1321.58
1346.68
1300.67
25042.8
42785.4
3074.76
2386.1
1590.4
35378.7
12442.7
20002.8
571.276
43596.5
34982.3
556.993
33349.8
641.798
36011
682.813
1390.58
1346.33
1327.56
1401.82
1399.74
1309.66
1327.8
1331.03
1328.92
1297.2
1335.54
1277.16
1284.24
1309.57
1272.37
1400.13
1298.33
1317.23
1312.44
1314.76
1419.54
1327.97
1313.67
1369.68
1338.35
1304.22
1376.02
1333.49
1326.13
1263.52
1294.07
12200.1
63757.2
6992.51
59385.8
56339.2
1877.9
15252
18249.7
23946.3
21020.7
21201.5
32769.4
34027.5
709.664
33235.2
569.652
33157.6
582.582
33148.9
544.374
33116.6
674.905
33213.9
633.179
33568.6
667.167
33896.8
624.819
33509.8
650.328
33727.7
635.665
34046.3
630.282
35272.6
620.82
34307.8
622.684
24132.2
1517.37
1311.97
1440.12
1315.88
1486.53
1311.51
1471.88
1246.28
1461.77
1272.75
1499.03
1295.19
1372.18
1360.4
1389.73
1324.48
1395.84
1305.28
1417.44
1339.7
1319.37
1337.5
1362.96
1326.39
1366
1407.68
1315.17
1298.64
1316.26
1419.33
1339.01
1414.4
1281.37
1283.62
1270.44
1308.88
1305.25
1273.82
1294.53
1280.8
1279.23
1322.85
1284.37
1297.97
1301.41
1312.89
1306.25
1360.18
1345.71
1343.09
1354.88
1363.81
1384.92
1455.88
1364.94
1373.59
1312.74
1329.62
1273.46
1339.28
1257.72
1368.26
1321.3
1318.83
1286.12
1374.52
1289.62
1292.23
1263.81
1290.72
1335.73
1270.15
1421.24
1316.78
1452.77
1245.73
1283.76
1308.74
1445.63
1412.14
1328.79
1345.61
1370.92
1267.52
1341.5
1382.1
1373.08
1325.87
1228.4
1373.16
1305.83
1345.03
1266.03
1316.3
1298.23
1286.79
1395.28
1322.44
1370.72
1482.88
1394.8
1349.55
1521.65
1365.28
1439.07
1337.75
1394.17
1407.56
1322.34
1310.7
1321.61
1325.7
1353.19
1294.48
1275.15
1223.26
35396.2
4698.93
8868.54
656.382
28617.7
26766
651.801
32822.1
580.908
32833.3
605.635
32925.5
537.828
32744.9
658.196
32873.7
615.828
32686.3
567.316
32527.5
609.975
32800.4
635.985
33678.7
598.979
21842.3
1275.89
1327.96
1351.68
1266.11
1339.67
1257.2
1379.4
1338.2
1307.29
1450.82
1310
1293.86
1391.6
1455.57
1286.02
1396.21
1341.24
1294.34
1338.77
1334.86
1308.97
1304.78
1385.41
1300.6
1423.4
1334.68
1274.82
1291.69
1357.04
1244.43
1418.83
1301.76
1282.93
1295.32
1352.35
1299.76
1296.74
1315.55
1331.72
1444.71
1399.36
1326.29
1396.23
1336.15
1385.52
1320.49
1425.74
1296.72
1382.34
1349.45
1418.39
1301.16
1320.14
1312.59
1339.14
1309.05
1321.29
1362.64
1333.77
1300.18
1304.39
1317.77
1287.68
1271.06
1315.65
1315.24
1318.61
1301.53
1288.16
1338.82
1332.91
1287.21
1269.1
1286.56
1301.23
1295.65
1310.09
1301.43
1353.64
1349.94
1297.21
1293.23
1313.93
1305.17
1345.33
1331.95
1300.95
1307.82
1261.72
18654.4
25640.6
10470.6
12346.2
3409.84
4484.41
678.503
28845
515.608
32737.2
610.787
32764.5
491.482
16976.6
1424.09
1305.93
1274.16
1315.81
1354.28
1375.04
1396.63
1299.59
1444.04
1337.7
1290.29
1293.51
1365.74
1280.89
1308.85
1325.69
1328.46
1286.42
1354.18
1301.52
1284.66
1290.31
1304.41
1313.85
1354.72
1323.42
12018.5
36469.9
16325.4
25402.2
20548.4
1407.3
1413.67
1370.54
1341.79
29226.4
13750
28840.4
43242.5
34035
596.945
34527.9
538.681
36226.6
529.32
37164.6
667.488
34533.7
614.826
31814.3
495.992
14459.6
1384.38
1274.08
1342.06
1300.38
1366.31
1269.93
1345.67
1267.87
1317.07
1306.7
1265.65
1247.77
1270.52
1285.07
1291.12
1281.25
1279.89
1254.32
1271.88
1258.99
1323.02
1253.54
1285.15
1239.99
1237.06
1258.49
1196.17
1236.67
1247.67
1272.69
1301.11
1284.8
1243.39
1248.99
1376.79
1266.6
1277.56
1304.33
1225.39
1256.65
1248.08
1253.03
1347.88
1275.2
1375.01
1277.21
1267
1294.98
1284.91
1327.77
1259.59
1247.05
1320.85
1326.48
1386.44
1355.53
1388.49
27738.3
46007.2
19109.2
17320
31435.6
35189.1
572.137
35110.9
683.063
36038.9
697.677
34601.7
571.065
34657.8
658.737
26502.5
666.455
20918.5
685.92
1442.11
1337.6
1347.48
1358.22
1351.72
1423.55
1436.84
1340.1
1359.37
1330.85
1334.05
1383.49
1345.54
1434.71
1391.61
1414.72
1378.35
1446.13
1334.15
1420.56
1351.27
1469.88
1344.48
1386.26
1326.57
1355.33
1395.22
1367.38
1380.33
1428.05
1373.7
1420.41
1410.13
1322.81
1326.06
1328.78
1340.91
1310.24
1342.83
1308.71
1327.88
1321.42
1307.3
1343.47
1355.39
4571.59
9495.62
552.854
30096.1
633.469
34187.2
637.739
34288.6
537.408
32734.3
1326.21
1336.08
1304.38
1403.75
1365.32
1412.06
1364.98
1366.15
1389.2
1434.82
1310.53
1320.88
1385.39
1331.13
1313.9
1307.79
1415.24
1360.7
1397.71
1460.11
1342.59
1392.65
1358.95
1452.84
1318.15
1384.81
1349.88
1411.24
1356.55
1319.17
23630.6
13603.7
673.822
47430.6
19468.6
1430.73
1400.85
1345.56
1343.27
1357.24
1339.67
1358.59
1379.68
1314.75
1332.51
1388.75
1323.26
4532.33
9410.07
577.671
33641.2
27698
548.173
34289.4
598.529
34029.6
644.765
33861.6
511.288
33845
542.279
29356.7
645.637
20230.6
536.355
20075.8
524.207
19996.7
623.036
3243.4
1308.91
1336.13
1385.17
1386.92
1348.63
1401.64
1363.31
1336.38
1409.66
1336.9
1345.85
1338.42
1372.5
1348.62
1315.24
1373.31
1388.6
1376.89
1331.36
1354.27
1390.13
1386.93
1299
1339.77
1375.69
1327.74
1299.37
1314.41
1391.73
1348.74
1314.89
1408.38
1295.41
1342.68
1333.96
1298.19
1364.04
1288.51
1304.93
1394.19
1287.39
39056.5
41957.3
14440.5
21275.3
650.428
36512
558.155
31433.2
521.361
33514
532.015
33848.9
621.391
26497.9
1342.15
1261.84
1255.59
1254
1259.69
1224.77
1235.42
1209.68
1187.71
1169.98
1265.04
1233.88
1239.6
1226.45
1182.56
1278.53
1261.04
1253.21
1239.62
1208.69
1255.37
1223.85
1232.41
1242.11
1260.02
1242.73
1272.32
1278.63
1264.28
1227.35
1278.62
1285.03
1272.48
1291.7
1239.36
1213.49
1232.25
1222.22
14779.3
17918.8
22223.7
4442.82
11504.7
650.378
34765
544.033
32998.3
639.282
23432.6
1313.5
1296.7
1377.53
1368.49
1312.59
1299.28
1290.8
1303.53
1307.65
1309.28
1279.3
1263.71
1267.07
1271.68
1270.78
1257.37
1365.35
1377.08
1325.09
1325.24
1319.11
11924.7
4402.53
11614
542.119
30131.8
565.864
32331.1
540.415
32866.8
602.718
32691
614.506
32870
574.212
32907.2
513.713
14923.3
605.144
1248.7
1261.39
1264.02
1209.1
1224.76
1223.03
1245.42
1253.33
1264.91
1257.29
1308.6
1233.93
1248.85
1266.16
1247.54
1239.3
1240.23
1258.59
1247.54
1266.54
1239.56
1278.37
1274.61
1281.96
1261.91
1239.74
1258.69
1308.3
1262
1242.47
1282
1284.11
1230.61
1255.99
1240.91
1271.46
1234.31
1246.47
1267.85
1296.92
1266.31
1289.2
1273.28
1260.98
1257.96
1276.71
1256.22
4431.9
2051.07
30452.7
4586.35
9417.67
524.288
30030.4
33371.8
532.116
34927.4
515.257
33935.4
665.643
34080
651.551
35236.4
560.1
34723.6
561.623
23097.8
1313.16
1302.91
1352.43
1421.55
1288.92
1310.59
1329.12
1328.32
1332.37
1300.74
1365.12
1325.25
1315.79
1313.77
1269.37
1262.64
1321.44
1277.21
1302.34
1362.4
1282.87
1358.57
1303.56
1284.33
1265.31
1335.82
1293.69
1279.91
1339.28
1305.43
1293.15
1275.27
1272.25
1276.54
1259.2
1325.9
1338.94
1308
1331.25
1405.29
1388.9
1346.73
1315.75
1337
1352.94
1348.62
1385.56
16096.1
23927.1
3487.67
39151
10892.7
16837.2
40925.6
28953.1
27887
28680.1
27747.7
30328.4
28187.5
28533.7
28542.5
28737.4
28446.6
28844.9
28655.7
29478.2
28680.1
29741.5
29134.7
29727
29298.3
29005.6
29085.3
627.124
646.87
595.562
665.944
28403.7
723.738
719.779
617.923
712.251
621.943
713.744
595.241
29746.1
683.946
712.411
689.047
649.035
696.654
739.263
600.774
27914
723.937
697.477
662.065
637.438
661.153
650.138
664.07
27243.6
589.558
604.022
673.01
597.677
594.62
663.157
652.624
27105.7
661.473
677.872
615.117
679.405
667.929
689.488
605.605
28353.7
702.739
607.72
692.626
710.016
597.627
723.406
713.423
28808.6
721.943
623.978
703.019
711.86
601.706
715.248
715.277
28154.4
718.375
719.868
702.539
710.016
700.584
681.339
686.191
27784.8
708.131
600.744
706.978
710.918
608.762
701.325
606.648
28061.9
708.883
599.22
663.719
690.711
606.467
699.932
594.92
28014.9
696.164
597.046
697.637
602.879
706.457
626.383
732.046
28155.9
713.073
4528.9
11871.9
692.695
40233.5
685.108
35799.7
589.879
35669.6
554.317
35143.9
566.605
29532.6
1431.75
1416.83
1453.32
1389.9
1367.65
1404.81
1326.68
1330.32
1408.59
1324.1
1411.33
1310.75
1317.16
1340.15
1304.52
1321.18
1427.81
1315.99
1360.59
1339.71
1415.61
1303.36
1317.47
1365.85
1322.24
1289.39
1300.84
1301.49
1386.52
1305.25
1303.15
1301.03
1366.58
1311.49
1417.27
1314.88
1379.45
1315.06
1290.87
20950.9
13661.6
28805.2
3091.61
2310.26
1547.92
28282.6
24372
38938.6
52653.7
33357.8
650.719
34997.7
549.506
33327.8
661.604
33420.9
562.114
33374.9
648.694
23294
1539.15
1429.36
1385.2
1329.3
1323.12
1409.13
1311.08
1478.99
1387.18
1382.98
1350.56
1328.56
1313.07
1318.35
1316.31
1323.24
1395.33
1323.64
1359.23
1318.66
1388.26
1322.05
1367
1306.71
1404.28
1311.97
1372.96
1305.84
1323.7
1338.01
1329.95
1350.81
1306.09
1320.34
1406.97
1330.78
1315.42
1351.41
1339.5
1393.98
1334.33
1398.08
1396.19
1336.2
1386.1
1369.68
1307.71
1300.86
1369.12
1306.77
1310.26
1353.95
1304.96
15863.1
16658.6
36093.6
2860.79
2157.18
676.468
13768.5
19796.6
40107.7
35005.3
26989.4
663.93
33728.8
577.28
33733.5
632.697
25499.3
1287.38
1314.98
1377.38
1301.87
1334.24
1372.14
1305.11
1309.19
1385.28
1310.35
1279.86
1293.65
1290.24
1336.16
1312.16
1397.03
1314.15
1393.4
1321.4
1297.48
1297.53
1303.67
1317.65
1302.3
1324.37
1312.12
1272.12
1286.88
1308.93
1331.08
1283.73
1349.17
1320.36
1334.04
4461.05
9355.38
641.598
28786.4
681.018
33586.2
537.087
33345.1
635.324
33286.3
613.714
33345.6
547.902
33321.1
533.499
34087.4
542.61
34802.2
549.706
34239.5
566.054
34228.5
689.999
34682.9
702.569
34279
613.123
34565.8
534.241
33962.8
531.695
33867.8
641.548
34296.8
637.238
548.393
641.277
541.147
619.948
640.867
648.815
21331.5
656.763
551.33
639.744
542.239
626.984
1295.32
1388.01
1282.21
1296.6
1312.05
1306.66
1320.07
1279.22
1377.02
1316.54
1332.34
1334.55
1324.05
1344.2
1334.64
1253.49
1360.24
18424.4
43042.4
2880.66
2150.67
690.08
4598.69
9370.48
663.478
32618.2
27580.8
697.186
29944.1
1322.38
1358.32
1400.94
1381.61
1330.28
1418.55
1273.2
1292.37
1267.05
1260.37
1285.56
1317.22
1408.42
1290.99
1383.1
1287.55
1400.82
1317.93
1400.11
22576.1
24376.2
22337.1
11066.3
15391.3
26499.4
26458.3
25925.5
27799.3
26232.8
26487.4
26052
26478.2
27402.7
26811.6
26348.9
26906.5
26416.6
26377.1
26490.5
26362.9
26145.3
5354.93
619.538
531.996
5396.43
603.691
620.76
526.963
628.348
526.934
621.622
628.788
612.21
625.24
533.139
620.8
535.193
641.458
540.515
642.28
534.702
529.54
614.184
519.155
630.042
616.44
5171.35
626.353
524.889
626.623
527.625
601.746
626.964
516.5
5182.98
531.585
625.921
631.285
527.976
626.072
612.241
528.678
5205.41
634.071
610.516
543.652
641.868
623.446
528.688
629.009
5218.96
535.463
527.095
598.068
612.872
524.067
516.159
623.456
5227.38
621.001
581.76
524.849
623.957
529.66
639.143
596.795
5242.15
606.488
608.111
528.508
638.671
528.137
614.265
620.169
5141.26
622.353
627.856
604.312
527.155
639.032
612.461
510.676
5172.1
611.719
528.968
523.055
531.454
633.68
625.982
510.325
5167.4
639.904
531.244
536.195
523.195
630.412
605.364
534.863
5252.67
620.58
4521.1
9297.21
660.11
28456.6
26209.6
644.585
32634.1
527.876
32754.7
600.333
32625.9
636.065
32532.4
535.664
27586
634.381
19688.1
537.989
19611.8
587.223
19627
610.647
15108.7
626.132
1263.94
1274.22
1330.22
1290.69
1369.61
1318.12
1270.8
1291.65
1275.06
1321.4
1273.26
1272.59
1331.21
1287.7
1278.22
1342.2
1258.38
1254.53
1324.98
1265.96
1320.15
1361.64
1297.9
1277.83
1349.81
1300.24
1359.95
1350.47
1302.66
1293.16
1295.55
1301.94
1291.61
1347.08
1272.78
1270.55
1331.83
1247.33
1309.79
1267.6
33308.9
10326
18630.4
30640.6
560
32120.9
717.713
32903.9
564.751
32581.6
544.925
31566
619.848
31928.9
526.804
17877.4
1289.61
1368.3
1274.09
1288.84
1366.83
1292.94
1303.55
1352.57
1289.57
1279.57
1282.71
1330.33
1267.38
1310
1390.42
1303.95
1300.12
1372.03
1320.61
1323.02
1399.19
1303.34
1314.23
1380.86
1325.19
1274.03
1349.84
1296.66
1274.76
1343.26
1303.13
1278.61
1353.12
1317.82
1319.01
1401.6
1328.31
1297.69
1371.88
1311.8
1357.12
1300.46
1303.16
1401.96
1310.38
1305.81
1366.54
1306.32
1295.88
1368.83
