1365.8
3956.83
4103.75
685.238
3534.47
3650.66
3201.18
5905.51
14576.2
39241.5
31466.2
1466.71
1466.85
1484.45
1483.45
5024.62
12057
39242.7
35610.8
35010.4
34908.5
35092.3
35826.2
35945.9
35965.8
35510.8
35749.9
34827.5
34941.8
34715.4
34800.9
34732.5
27864.2
28110.1
28285.2
547.331
559.088
524.147
553.155
555.95
497.576
28209.1
532.486
573.161
511.749
526.503
492.254
528.708
507.569
28143.3
549.877
507.97
496.594
516.881
514.495
512.21
579.886
27352.1
579.355
615.207
589.388
546.208
519.787
539.051
514.545
25879
554.407
570.534
516.851
562.135
564.24
483.022
492.415
26045.7
512.13
581.961
538.17
486.691
495.361
493.146
508.441
26564.9
598.589
578.763
524.849
510.796
576.728
566.425
506.637
27975.9
573.21
586.441
555.369
535.564
514.335
517.532
491.391
26395.3
482.772
555.981
559.379
579.134
573.271
541.146
630.102
26503.3
562.145
572.398
483.414
508.201
524.598
581.61
553.535
26152.9
498.749
586.39
500.052
493.226
560.631
513.593
495.622
26105.2
565.082
539.412
472.729
559.759
505.424
574.674
531.805
27284.2
547.681
550.899
574.553
489.868
597.406
531.013
568.449
27520.3
543.853
524.328
500.282
556.091
534.801
530.382
572.749
28222.4
517.272
504.051
536.115
515.989
553.064
517.773
513.513
25963.7
530.302
526.904
503.841
553.144
519.787
504.031
528.056
26098
548.604
549.205
596.664
509.393
528.076
516.941
530.031
26185.8
568.048
590.109
498.87
559.338
542.059
536.626
496.153
26076.4
548.133
600.253
520.158
528.587
582.362
550.648
569.531
26304.9
516.029
597.436
561.423
531.074
568.319
551.06
544.825
26113.1
521.511
542.62
526.754
526.292
520.098
524.317
528.738
26309.6
1028.31
538.44
534.702
510.305
507.228
497.556
506.797
27083.2
569.05
525.39
573.341
560.3
525.11
496.153
530.231
28047.9
500.363
543.572
483.253
554.106
511.658
510.004
511.057
27026.8
478.362
480.737
552.854
490.239
506.587
489.357
571.276
25615.1
530.121
525.471
561.383
480.066
518.113
479.715
542.459
25342.8
542.279
526.172
556.241
548.253
530.833
495.772
536.886
25423.4
534.972
504.903
558.376
567.918
543.321
532.376
581.429
25454.5
597.006
590.48
522.905
524.367
513.854
560.341
567.056
25708.4
559.639
576.538
515.838
503.851
578.342
474.854
474.222
25453.8
468.72
531.404
499.842
527.585
532.586
486.13
475.896
26160.9
579.434
522.613
546.659
534.2
505.875
485.829
504.482
26036.7
554.788
520.93
496.474
590.45
505.955
534.611
569.291
26135.6
547.682
562.476
500.623
608.131
533.117
535.153
579.585
26800.7
626.112
661.393
536.726
572.078
602.688
555.91
657.935
28105.3
571.416
557.444
574.824
570.023
549.355
540.295
502.057
27528.7
622.514
618.996
660.482
555.66
627.174
607.088
584.045
27506.2
594.409
577.48
573.842
552.573
600.924
530.853
584.086
25918.2
597.887
536.465
544.484
641.167
550.248
597.646
521.692
25563.7
633.288
532.757
608.602
676.037
631.875
617.111
506.216
26449.9
625.35
638.631
647.23
672.449
613.523
640.565
544.233
26285.8
657.324
612.381
575.476
592.305
627.254
588.736
628.738
25493.3
485.558
513.773
519.476
510.095
614.857
611.188
502.237
25203.1
571.336
576.448
604.913
623.246
618.394
624.288
607.399
25318.8
513.032
514.364
523.737
554.367
505.725
493.326
531.835
25090.3
566.044
541.898
619.266
590.349
526.673
497.667
596.154
25158.5
512.2
625.2
640.826
536.426
510.806
513.593
500.242
25125
511.368
529.529
622.795
646.659
603.139
526.001
502.617
25059.6
565.493
579.164
613.022
494.789
567.096
577.43
500.092
24975.9
582.491
642.931
631.915
611.188
528.958
612.561
510.025
26816.6
627.175
521.141
548.303
592.084
589.448
596.905
506.266
19910.1
568.87
525.25
513.092
612.18
609.303
604.342
612.832
19965.9
500.142
531.003
490.81
604.191
511.949
581.018
589.708
20530
512.792
527.616
511.688
542.349
595.051
541.307
574.042
19631.3
646.98
624.939
593.848
623.175
614.766
626.352
627.215
20268.6
540.254
578.994
580.838
603.952
598.538
610.947
592.144
19667.8
526.693
635.814
526.794
652.132
601.917
635.634
627.686
19625.4
526.754
609.595
507.198
643.382
592.465
624.949
615.107
17726.7
601.546
610.847
588.145
494.98
619.297
592.805
545.206
1253.15
1233.27
1282.57
1235.14
1269.66
1323.3
1264.85
1227.61
1313.7
1348.92
1376.72
1295.93
1448.71
1319.78
1348.82
1398.11
1323.38
1352.31
1344.9
1395.49
1440.69
1349.58
1289.26
1333.75
1379.25
1350.68
1363.18
1463.87
1398.37
1331.2
1334.02
1354.31
1370.44
1356.46
1377.03
1448.9
1452.69
1320.57
1310.93
1373.48
1343.95
1339.45
1452.11
1455.77
1405.08
1404.33
1441.4
1392
1485.33
1493.8
1418.52
1413.67
1372.3
1493.14
1415.81
855.831
4299.7
307.738
1237.33
799.903
978.594
4680.45
9538.71
527.896
30559.3
25806.2
605.675
21345.6
1399.55
1318.32
1406.86
1397.91
1469.38
1402.22
1371.01
1300.04
1280.14
1448.91
1298.46
1305.32
1280.51
1282.81
1245.49
1285.38
1264.42
4539.6
8996.79
549.596
34233.7
25208.6
612.811
31062.3
579.465
31240.2
603.219
31618.3
491.352
32876.3
728.067
32304.8
587.884
31565.9
488.926
31809.7
629.56
31900.6
33461.1
33144.3
33776
33890.9
31850.9
550.428
31934.5
487.553
574.473
483.213
515.458
569.272
27536.9
616.881
531.194
496.233
598.359
609.675
614.766
26473.7
497.806
581.88
599.261
522.784
527.595
617.362
26191.8
581.57
520.72
573.06
590.831
514.125
568.048
28650.7
607.399
509.784
557.454
587.653
497.155
506.306
29525.1
581.239
641.127
641.498
620.8
597.186
521.401
27828.8
515.838
577.009
602.407
587.473
581.5
499.079
26090.6
503.59
529.129
519.587
503.94
501.355
574.313
26081
571.626
546.178
574.142
600.774
577.68
568.911
25892.1
533.108
502.988
565.122
518.184
575.285
521.481
25993
583.284
584.055
481.679
593.567
610.316
590.23
26925.8
579.955
587.955
500.633
507.449
599.24
601.906
26473.8
654.538
582.943
610.716
571.586
502.668
501.726
26143.7
529.65
592.926
594.259
517.772
524.107
510.375
26247.1
518.034
509.524
569.091
589.527
635.624
613.433
26056.3
510.275
527.485
552.994
628.127
626.443
498.799
26550
513.102
590.711
642.51
564.931
549.596
623.757
26423.2
568.84
484.045
488.495
582.572
500.132
490.069
26430.3
502.086
511.799
496.974
571.175
538.651
520.99
26177.7
550.999
497.586
497.085
577.25
589.297
552.162
26220.7
590.58
533.659
480.316
487.673
577.991
548.484
26262.6
501.826
608.211
502.538
510.746
599.421
553.444
26996.4
596.264
583.053
524.037
590.551
573.1
551.32
28319.8
570.564
580.246
601.656
612.902
506.516
583.213
27873.5
478.272
570.685
636.567
496.313
571.626
547.541
28070.3
535.914
547.691
578.151
594.81
631.424
584.186
26934.7
516.31
534.37
580.457
622.474
551.651
583.645
27921.4
569.442
584.446
492.414
493.837
579.996
573.19
27641.8
601.896
516.179
514.094
555.66
556.652
473.851
26825
495.031
572.679
604.793
517.862
519.306
540.465
26560.9
493.868
494.78
570.665
568.951
486.882
529.439
27023.8
572.229
557.333
577.951
610.947
619.758
497.756
27807.4
651.44
530.722
531.515
561.955
499.901
528.677
27874.6
495.632
571.847
574.373
544.875
508.601
589.437
27820.3
521.491
507.338
570.063
578.783
491.953
537.668
27512.1
507.098
585.188
495.13
485.257
558.316
598.569
26935.1
498.648
585.188
521.04
521.541
573.822
488.877
27581.4
488.365
588.726
555.399
492.104
571.296
485.008
565.382
27283.6
575.867
491.833
594.208
472.659
492.194
605.414
26079
585.96
527.435
490.419
574.173
471.897
545.967
26146.3
586.662
495.421
483.153
540.304
600.914
589.087
26296.9
576.728
500.222
589.237
503.64
527.415
588.405
26041.6
471.587
652.082
495.541
645.216
549.556
551.32
26092.3
500.132
535.383
498.378
526.643
577.149
606.346
27174.8
582
491.643
579.194
484.847
569.181
538.931
27964.4
517.973
537.648
597.556
503.951
557.915
499.4
26300.7
566.485
593.116
506.366
543.973
538.922
500.813
27686.8
564.62
589.077
497.616
489.799
565.383
621.441
27044.5
533.909
588.476
631.695
493.337
502.858
564.19
27083.2
620.048
594.71
618.765
513.303
520.249
603.45
27288.8
558.236
590.4
598.629
474.793
488.866
502.538
27551.7
639.322
638.621
539.924
500.593
636.236
638.361
26733
594.379
603.861
513.062
541.547
577.099
537.077
26172.4
507.629
601.947
497.516
555.94
484.275
559.057
27287.5
507.579
618.164
552.693
564.34
634.642
609.374
27498.2
571.015
618.495
661.223
488.666
524.638
495.241
26636.2
599.471
571.276
613.112
507.579
579.565
587.844
20603.1
502.458
587.994
487.934
602.698
588.866
488.164
502.337
20317.8
494.048
539.242
549.175
565.081
547.11
583.234
571.356
20959.3
503.3
495.021
588.145
534.1
503.45
612.431
494.84
20922.3
507.078
540.895
551.751
576.969
587.894
521.702
21473.5
499.941
517.242
505.033
540.906
604.031
514.846
499.46
20367.7
540.997
602.969
487.764
487.072
487.894
495.331
514.264
20379
495.832
582.011
578.432
588.506
500.954
528.597
566.324
21110.7
497.546
541.136
593.286
581.329
533.76
576.809
620.871
20690
483.504
530.272
523.866
523.486
532.156
509.534
593.898
622.654
568.9
595.051
1339.07
1301.57
1302.36
1319.58
1313.74
1352.71
1277.96
1260.81
1266.27
1335.38
1312.61
1360.86
1299.21
1317.34
1303.32
1292.06
1280.83
1287.38
1288.71
1250.1
1290.61
1337.88
1245.14
1281.47
1273.89
1251.39
1299.47
1291.34
1303.22
1232.9
1217.69
1233.85
1248.22
1239.18
1264.68
1285.23
1272.57
1310.9
1293.75
1283.84
1309.83
1296.58
1300.84
1332.94
1270.88
1258.07
1264.25
992.676
816.551
866.385
1027.22
1052.58
778.373
647.04
848.394
946.942
748.875
915.589
745.036
1371.74
4320.4
294.007
1200.11
1352.28
2024.61
1936.95
1902.43
1807.35
1987.6
2023.25
1930.28
2011.5
2310.12
1869.12
1896.15
2005.86
2089.27
1964.56
1845.05
1823.03
2046.27
2004.05
1843.04
2206.1
1859.27
1784.19
1897.29
1950.21
1930.76
1887.85
1942.78
2037.31
1948.2
1776.18
1991.58
1842.14
1769.01
1925.98
1744.01
1791.35
1820.19
1832.27
1908.4
1800.35
1954.34
1852.1
1833.76
1685.03
1848.13
1948.26
1919.21
1781.01
4683.03
1797.61
1008.6
625.05
4602.61
11477.1
34369.3
36166
32200.5
31868.7
31935.5
32067.1
21790.6
18312.4
18944.7
19586.5
18553.9
18343.5
19236.3
19067.4
18206.2
15546.5
601.746
15565.5
559.228
571.556
521.812
15846.3
522.042
478.231
494.048
603.86
565.653
517.402
476.978
14899.4
570.274
482.721
494.98
589.187
600.172
581.238
4466.19
11189.7
547.862
35102.3
487.463
33993.4
584.036
34055.4
494.178
33909.4
488.185
32984
494.98
33004.1
589.688
32888.9
510.626
33714.6
598.127
33162.1
476.438
33283.3
523.776
33073.2
481.028
34411.8
495.571
27262.7
477.38
20794.5
522.624
18144.4
584.135
1253.54
1287.08
1238.55
1250.64
1229.48
1256.99
1275.87
1237.72
1223.7
1242.75
1221.88
1226.79
1252.42
1245.97
1280.05
1259.24
1295.9
1326.17
1214.98
1164.95
1216.13
1220.3
1298.34
1192.21
1228.81
1191.69
1233.22
1208.17
1215.43
1224.26
1228.89
1247.99
1268.13
1256.63
1285.19
1205.21
1245.94
1216.15
1245.28
1386.34
1237.49
1173.24
1282.57
1331.51
1369.36
1310.05
1202.08
1205.59
1253.99
1245.83
1199.6
1176.8
1204.45
1162.47
1208.38
1296.66
1302.11
1218.2
1250.56
1237.56
1291.17
1248.58
1233.22
1233.34
1252.26
1273.9
1243.33
1244.24
1275.77
1213.21
1245.7
1241.65
1238.71
1241.01
1219.85
1218.38
1235.85
1221.28
1201.45
1262.05
1272.5
1250.04
1269.32
1279.35
1212.84
1274.44
1202.57
1236.29
1216.38
1262.74
1182.57
1232.31
1254.13
1273.61
589.257
4531.64
539.332
33918.8
26896.2
627.466
33118.4
597.286
32396.9
493.146
32345.1
490.098
31020.6
493.878
31339
501.625
31782.4
555.048
32486
572.799
31695.8
495.301
31189.8
507.83
31530.7
580.146
32154.9
584.647
31509
472.819
31340
609.073
31894.7
596.273
483.935
579.124
573.692
601.124
26794.3
495.551
497.446
609.895
515.668
569.492
538.67
28698.8
483.374
493.678
489.418
570.454
510.506
507.669
27389
587.694
507.699
489.628
480.817
490.66
490.59
28028.8
565.041
593.467
804.132
11500
21960.7
8309.53
6622.78
11776.3
570.143
33673.6
646.059
33469.4
614.085
31691.7
511.207
30661.4
486.17
32307.7
521.972
32841
591.602
32659.3
578.182
31216.7
561.764
32771.9
636.005
32145.6
515.758
32684.7
501.395
31692.6
498.368
32792.9
516.721
32010
516.991
32580
556.181
25457.8
574.654
538.31
490.82
592.584
581.189
499.27
494.048
25389.2
533.529
487.753
489.458
492.365
484.706
539.603
25760.4
571.917
608.692
580.447
603.52
587.984
576.648
610.707
25317.8
523.837
508.872
479.986
555.148
520.729
512.25
61330.7
5115.39
11481
580.447
36421.3
627.305
32113.9
617.172
30813.6
530.432
30625.9
634.452
30582.7
575.315
31765.7
587.854
1212.7
1193.02
1202.68
1236.05
1195.9
1212.84
1315.08
1334.52
1197.15
1207.38
1261.92
1250.72
1203.85
1197.81
1160.52
1312.46
1199.53
1245.56
1241.66
1364.22
1214.02
1252.57
1230.44
1303.24
1236.68
1228.38
1244.71
1250.6
1223.98
1221.23
1262.35
1282.98
1238.11
1275.63
1259.28
1278.69
1198.97
1231.7
1245.66
1260.3
1270.53
1251.15
1220.89
1284.47
1244.12
1229.5
1300.03
1241.96
1306.99
4733.89
4396.37
633.098
29477.1
26206.3
561.263
31751.8
501.124
31596.8
509.894
31399.9
538.2
32251.9
496.313
12211.2
1240.27
1252.53
1335.95
1336.7
1261.76
1298.38
1315.19
1319.96
1356.47
1295.62
1261.15
1224.13
1379.58
1285.19
1333.16
1380.59
1297.61
1285
1263.69
1242.02
1244.29
1292.1
1313.22
1356.3
1320.86
1281.84
1264.74
1303.01
1351.86
1292.4
1211.47
1275.83
1265.79
1282.57
1282.3
1245.89
1302.23
1318.28
1314.62
1315.53
1366.66
1356.98
1278.65
1253.29
1333.81
1352.06
7800.1
11177
550.217
33291.8
584.016
33413.9
589.258
35180
566.926
1269.59
1247.84
1195.13
1258.87
1216.87
1210.37
1323.5
1263.12
1168.54
1279.1
1215.7
1215.06
1215.7
1227.06
1221.22
1217.88
1224.7
1248.86
1218.03
1243.85
1193.55
1232.89
1246.65
1253.61
1201.23
5113.61
516.48
4446.29
5155.62
4356.73
3667.1
3048.18
2426.7
1726.68
571.837
853.626
4465.58
11194.5
528.407
36990.3
662.666
35389.6
808.713
35573.2
535.153
33694.3
485.608
34972.6
604.813
35195.5
506.366
36242.7
483.694
35034.2
499.901
35346.7
486.721
35210.9
492.525
35415
500.623
35176.3
481.86
36416.4
591.552
36591.2
473.21
35979.1
583.223
29626.4
477.881
563.588
573.681
616.119
490.329
581.881
493.637
28727.4
581.97
485.238
524.448
564.2
542.98
544.634
584.356
28541.2
556.953
625.491
633.088
568.589
572.007
482.14
28382.1
486.561
525.29
592.655
479.705
504.672
536.767
558.507
28392.3
487.914
512.761
519.857
540.765
607.92
480.787
505.103
28265.4
488.986
552.643
578.733
530.281
575.396
469.632
585.589
28317.9
576.818
575.827
589.167
512.431
491.051
547.702
588.195
28479
511.247
546.419
493.717
562.696
474.112
483.554
482.221
29169.7
580.276
592.695
618.555
584.155
472.388
487.824
570.765
29784.4
577.701
585.108
480.697
478.412
520.82
480.667
560.27
28647.2
489.918
549.315
630.012
589.267
588.806
540.325
653.225
29425.8
511.548
606.156
643.181
482.601
512.149
4958.99
4473.27
11604.3
670.835
36260.1
734.341
32894.4
508.09
34030.4
618.524
32095.7
507.308
33808.4
505.304
34006.7
521.722
36474.6
641.618
33449.3
535.022
32987.1
496.253
32306.3
610.797
33122.7
493.186
32418.4
489.528
32647
581.219
31995
524.909
32668
599.401
31905
520.429
509.975
584.066
644.635
491.582
536.004
559.93
25022.7
597.286
580.988
513.683
592.023
563.769
484.145
574.042
25273.6
498.568
620.038
582.382
577.139
490.419
574.543
26717.1
542.691
494.409
593.026
574.404
499.25
652.313
589.648
26786.6
517.502
519.697
566.344
489.909
499.19
491.893
568.349
26614.9
581.59
551.681
485.247
574.553
588.335
591.562
482.712
26216.3
482.762
474.493
541.047
514.726
583.825
573.661
610.687
25846.6
505.635
514.395
581.369
582.121
558.607
483.654
489.657
25697
516.399
571.256
581.91
571.998
500.763
517.963
532.176
28035.2
569.271
535.042
491.822
545.236
578.192
555.219
502.066
27346.2
565.923
617.091
557.324
486.821
470.845
548.964
608.031
26016.1
493.336
497.586
553.996
555.249
565.773
552.021
484.847
25943.3
482.952
532.727
595.392
579.896
498.519
510.185
574.874
25795.2
487.293
535.263
573.591
583.634
582.742
625.39
480.297
24979.9
534.912
593.497
481.248
531.334
607.96
548.444
619.046
25493.1
551.831
538.911
592.344
497.616
548.012
546.739
599.08
25482.7
585.429
650.779
519.326
621.612
622.965
525.079
594.599
26534.6
592.123
597.306
552.623
542.55
543.973
570.525
638.771
26055.6
486.35
640.946
596.213
517.482
651.381
622.284
497.957
26047.9
571.246
644.244
529.48
563.538
578.151
591.863
480.577
26843.8
496.122
542.449
537.658
544.495
619.457
509.513
488.716
26231.9
633.67
613.443
545.727
605.625
591.242
632.507
556.983
25029.6
595.301
503.44
519.576
582.932
506.907
655.35
552.413
25095.1
483.634
502.818
541.999
594.429
579.394
584.176
576.668
25184.6
600.864
604.162
556.983
478.172
595.592
601.506
621.321
25134.7
563.699
601.586
640.546
601.636
597.346
524.979
563.788
25200
593.287
515.397
487.733
543.753
606.737
493.286
606.507
25275.4
533.118
500.673
602.508
501.916
511.007
516.821
605.615
25344.9
576.057
519.196
591.151
641.537
562.306
524.609
527.145
25537.7
550.007
606.327
616.049
540.465
642.339
592.705
511.468
25228.5
557.494
496.934
578.342
503.981
642.44
627.074
500.422
25380.1
645.848
586.331
494.991
643.091
507.529
588.626
491.031
26711.1
498.619
581.419
496.694
518.003
491.523
592.374
569.582
25737.9
484.085
487.804
596.895
497.185
554.548
610.827
493.617
26115.4
573.07
606.988
559.298
635.023
606.898
620.319
662.436
26516.7
568.559
580.517
591.162
554.277
579.876
505.674
524.338
25871.1
556.271
523.937
546.048
603.16
659.539
487.092
597.947
25751.3
614.114
588.846
556.963
511.238
516.43
531.996
587.253
26136.5
599.601
559.188
611.759
576.638
636.196
602.628
618.154
25820.2
599.621
491.783
487.823
507.719
501.395
588.445
597.647
27134.5
505.044
494.74
490.96
505.334
600.864
493.427
522.494
26918.5
530.041
510.015
614.244
499.18
542.199
485.979
560.752
26891.8
505.053
602.849
591.312
584.767
545.346
538.671
541.968
26139.3
568.209
580.818
480.486
507.368
489.568
488.956
533.799
25316.9
606.357
587.313
601.215
600.403
557.935
507.629
570.584
25654.1
526.353
494.549
604.042
478.883
497.887
501.175
528.658
25433.7
574.814
514.515
490.28
490.259
587.854
650.409
619.708
25740.4
607.139
608.622
594.048
514.195
628.207
501.405
505.404
25652.4
668.34
625.691
521.381
650.298
527.665
636.988
520.85
25406
557.614
613.463
570.494
631.475
656.372
627.886
614.987
25730.9
594.359
540.725
592.304
533.609
589.598
601.265
597.517
25487
563.117
677.56
502.497
652.162
667.468
488.897
498.207
24200.8
549.356
656.422
588.285
600.312
572.369
573.521
563.367
587.182
1299.85
1336.15
1311.62
1267.74
1285.65
1355.45
1261.86
1226.49
1274.4
1332.17
1262.97
1279.76
1318.18
1331.46
1296.13
1287.04
1276.11
1255.54
1288.2
1306.44
1297.26
1301.32
1269.31
1250.89
1289.76
1260.27
1270.86
1262.67
1334.93
1343.8
1219.76
1274.7
1242.54
1265.92
1287.38
1381.8
1247.16
1268.9
1234.82
1256.35
1319.21
1196.44
1215.98
1332
1276.5
1299
1246.28
1255.23
1296.69
1269.39
1328.43
1337.02
1317.86
1268.88
1246.38
1227.25
1194.99
1204.45
1284.05
1287.18
1272.52
1247.14
1299.84
1218.24
1267.71
1195.42
1249.09
1188.5
1250.77
1260.97
1304.09
1280.37
1247.93
1274.09
1280.21
1251.54
1323.42
1279.64
1293.53
1336.79
1240.9
1299.85
1259.39
1261.36
1238.08
1216.16
1261.31
1237.22
1266.28
1456.14
1296.3
1375.51
1285.5
1244.79
1279.62
1261.49
1292.67
1267.56
1243.22
1282.35
1322.65
1281.43
1289.49
1300.39
1218.96
1301.82
1234.27
1280.01
1314.85
1205.22
1260.72
1267.64
1323.41
1232.83
1310.25
1252.93
1293.14
1269.52
4448.26
40914.6
8703.33
4716.99
11773.1
480.306
34533.4
529.97
33913.6
532.006
33544.8
499.26
33698
545.998
34535.7
545.798
33520.6
583.264
32612.1
586.09
29134.1
1230.89
1258.47
1255.58
1218.17
1207.72
1200.36
1255.48
1235.41
1227.58
1214.82
1218.26
1226.77
1233.19
1225.82
1177.01
1280.07
1232.45
1249.32
1193.96
1201.88
1208.26
1210.17
1216.48
1336.82
1202.52
1256.34
1295.1
1145.79
1171.15
1218.06
1232.81
1181.54
1383.3
1224.26
1197.62
1232.3
1220.14
1248.62
1229.75
1202.17
1197.07
1409.69
1249.03
1288.59
1225.03
1271.22
1224.45
1200.65
1218.11
1207.38
1210.15
1207.42
1193.93
1255.27
1188.62
1290.97
1188.59
1224.38
1183.8
1228.25
1228.02
1189.45
1202.3
14308.7
588.326
6748.21
10162.9
21026
11918.5
545.517
33769.1
506.457
34768.1
571.216
35707.2
607.369
33593.8
541.507
34219.4
573.441
33728.9
573.611
34835.4
562.125
33002.6
497.446
33795.1
503.219
33668.5
586.732
33365.5
531.825
33393.1
494.619
21397.3
585.95
7884.92
486.601
7892.06
565.914
7059.27
486.321
595.752
573.12
503.219
486.972
480.196
508.711
7028.99
584.797
482.461
533.649
580.347
512.059
573.321
600.614
575.124
616.53
581.659
511.788
481.76
497.295
497.807
7122.63
533.94
553.445
541.748
486.33
549.155
537.057
528.708
7124.36
507.439
580.808
599.842
502.507
478.252
560.682
579.655
7138.95
598.91
592.855
620.8
596.343
492.905
497.255
480.126
7122.07
539.904
569.281
574.022
589.949
496.273
484.907
544.644
7062.42
470.463
567.778
570.514
566.394
582.412
588.165
593.337
7089.72
524.117
487.373
527.105
481.86
624.458
546.168
597.145
7093.78
495.351
553.735
631.124
578.833
594.4
481.759
503.399
7121.7
521.081
565.463
553.465
529.81
591.803
596.614
466.134
7028.2
489.657
581.69
482.752
558.416
590.23
23042
28745.1
18835.7
11413.3
17851.6
1939.59
487.754
13706.4
16299.1
14754.8
31122.9
595.572
37055.6
510.856
33180.1
476.367
33163.2
580.688
32886.7
520.85
32831.7
592.154
33621.5
596.635
33136.7
483.584
33451.8
479.394
32587.8
578.312
27336.4
1256.23
1253
1239.78
1219.24
1217.84
1244.21
1246.67
1236.01
1269.83
1253.81
1254.72
1332.01
1183.26
1205.28
1236.53
1217.07
1230.03
1307.24
1231.44
1218.09
1206.93
1199.53
1207.84
1233.61
1219.74
1191.16
1223.27
1306.4
1272.26
1232.84
1243.34
1213
1227.54
1230.45
1306.13
1190.78
1298.27
1198.68
1180.28
1250.17
1162.34
1211.64
1191.52
1228.79
1154.08
1217.04
1193.99
1197.76
1251.68
1263.68
1234.16
1265.95
1224.73
1211.12
1215.53
1202.91
1258.87
1240.05
1251.61
1255.14
1282.71
1245.4
1248.68
1193.56
1238.96
1190.86
1244.54
1273.74
1263.11
1123.42
1243.84
1184.03
1242.97
1208.23
1206.25
1217.62
1260.45
19100.7
23173.1
24939
25985.6
25212
25770
504.984
25695.5
25810.9
26021.4
24399.9
26098.2
24806.4
24571.6
24681.5
25683.2
8499.93
1234.49
1218.22
1191.99
1199.38
1207.46
1210.01
1210.91
1229.22
1195.46
1227.07
1196.74
1228.9
1262.5
1171.71
1196.96
1336.35
1289.89
1139.77
1227.33
1223.84
1212.81
1265.38
1277.76
1254.11
1244.01
1244.2
1246.67
1166.26
1202.36
1226.24
1220.42
1246.96
1250.6
1193.81
1237.08
1210.05
1210.18
1242.43
1195.99
1252.1
1239.96
1194.71
1212.4
1201.84
1201.53
1199.43
1200.23
1236.05
1245.35
1267.22
1199.49
1211.46
1242.76
1217.85
1216.63
1206.13
1258.45
1244.97
1193.53
1199.94
1172.39
1252.74
1209.8
1189.42
1244.85
1177.29
1168.58
1225.89
1192.03
1193.66
1208.81
793.087
21174.4
10107.8
15483
40063.5
24927.5
25334
26549.8
24718.2
24533.5
25075.5
25758.8
25535.1
26098.1
17289.3
542.39
1160.59
1170.14
1162.88
1271.59
1188.33
1125.42
1128.65
1155.47
1141.5
1148.81
1214.29
1228.64
1287.38
1180.02
1196.53
1202.35
1184.11
1191.1
1168.92
1175.84
1167.34
1181.03
1183.92
1171.59
1172.14
1200.98
1231.87
1197.53
1223.77
1179.31
1256.2
1222.8
1214.15
1257.21
1211.36
1181.47
1194.33
1130.11
1174.58
1168.64
1211.99
1185.05
1136.12
1162.94
1201.35
1193.72
1249.39
1318.62
1243.36
1179.87
1224.27
1191.3
1209.1
1205.09
1239.03
1252.3
1273.38
1236.9
1319.28
1182.54
1281.26
1282.22
15613.9
58127.8
6093.66
5057.05
4081.68
3268.27
2425.42
1577.12
56869.1
20724.3
15305.3
24519.7
3860.09
4922.03
13440.8
670.144
40295.3
669.823
37219.9
646.318
35970.7
568.589
35586.7
557.875
36335.4
612.602
35289
617.583
34801.6
531.644
35236.2
637.689
36442.1
541.226
35612.6
650.98
36092.2
549.997
34250.8
559.599
33314.3
547.762
34717.8
522.062
33982
607.168
28004.5
531.534
625.17
588.376
672.519
630.002
618.435
522.323
29284.2
512.801
521.852
520.8
511.337
615.407
524.017
612.14
28138.2
610.957
549.576
643.192
570.775
633.77
624.298
603.781
30171.8
702.438
656.913
613.273
586.952
574.804
555.33
559.198
32581.3
598.448
535.102
584.777
606.707
621.431
631.845
567.177
29274
661.384
669.903
645.407
565.814
549.505
521.681
634.111
27758.9
615.047
562.145
535.003
635.664
639.803
682.031
671.707
27391.1
549.295
525.52
534.562
556.071
569.883
569.441
655.54
30607.7
626.072
539.823
584.737
539.553
626.854
603.731
534.281
28668
630.903
620.77
648.705
648.684
547.511
621.161
616.279
28565
611.369
622.373
620.659
550.117
597.656
619.708
583.133
30775.2
569.201
573.802
672.58
549.436
661.033
620.249
646.038
31264.8
650.258
677.911
583.183
547.421
539.072
521.24
645.517
30794.1
586.772
712.06
681.53
685.408
687.624
569.211
709.354
29698.2
692.204
575.916
575.525
567.939
574.002
554.707
661.614
30335.4
691.112
582.492
603.5
666.245
656.763
607.399
600.604
31669.9
575.616
566.926
559.669
674.974
666.686
655.45
677.46
29603.5
566.024
633.97
668.35
641.327
654.578
633.439
731.305
29051.9
654.287
653.315
569.311
559.599
652.463
627.455
644.123
28069
568.74
655.28
556.943
592.885
550.107
578.131
562.987
27815.1
560.02
550.157
604.502
624.479
536.606
548.142
561.463
27437.1
583.785
538.38
537.759
652.273
659.78
640.395
592.455
27018.7
671.537
654.908
623.476
545.988
536.987
527.746
539.743
27257.1
558.556
557.454
549.746
632.106
597.486
570.183
577.73
27240.7
673.241
641.668
657.123
695.853
625.48
542.8
537.879
27291.8
563.448
670.153
660.422
553.264
563.408
659.699
683.274
27064.7
653.295
656.673
636.346
538.661
546.779
529.149
616.35
27173.7
636.245
656.011
549.927
539.322
560.401
575.987
558.808
27345.9
655.56
544.464
552.622
548.042
540.435
519.166
601.005
27937
647.091
557.184
540.795
533.579
529.089
532.957
531.394
28273.4
546.849
548.824
652.443
535.633
544.143
533.9
650.88
30338.4
555.66
608.361
548.815
603.61
628.157
546.829
602.568
28901.5
535.654
601.164
633.029
521.23
616.42
520.619
629.901
1391.71
1400.49
1296.1
1310.7
1279.58
1325.51
1371.89
1395.99
1395.28
1333.61
1370.8
1342.88
1280.27
1340.3
1398.23
1348.62
1314.34
1336.43
1307.94
1254.78
1296.25
1439.16
1427.75
1299.74
1293.43
1282.37
1302.58
1291.69
1368.81
1500.03
1378.42
1257.27
1295.76
1259.47
1295.49
1273.4
1419.88
1324.37
1303.66
1302.7
1282.93
1309.61
1291.48
1262.76
1352.06
1372.43
1292.83
1314.65
1274.8
1325.23
1304.59
1388.1
1357.72
1359.01
1306.5
1275.7
1363.86
1300.65
1313.28
1461.39
1247.64
1309.36
1322.51
1285.99
1332.32
1334.15
1412.28
1351.9
1299.69
1277.42
1323.44
1289.89
1305.44
1344.65
1463.95
1285.25
1304.73
1328.77
1315.4
1283.27
1278.4
1404.93
1282.67
1292.52
1346.44
1284.49
1270.99
1313.76
1311.5
1442.27
1307.57
1323.58
1275.61
1309.76
1273.41
1299.58
1422.34
1338.66
1281.99
1298.32
1305.6
1346.23
1297.31
1247.67
1502.62
1366.34
1312.74
1336.61
1327.04
1310
1299.2
1382.24
1332.19
1328.6
1262.73
1278.97
1301.72
1297.97
1269.52
1424.97
7510.63
19094.9
599.45
39619.1
33795.4
607.63
34504.5
578.823
32636.3
608.191
32077.9
493.145
33409.8
509.513
33163.3
493.417
32575.8
552.212
33063.3
591.563
35224
507.138
32792.7
604.723
32650.7
519.467
33204.8
498.839
36438.6
540.926
32849.7
487.853
26706.9
486.551
502.808
523.827
599.28
577.78
568.96
597.737
26055.4
501.966
503.499
504.512
611.278
490.41
504.743
499.701
26221.1
502.327
511.618
504.803
595.221
505.975
618.635
617.522
26218.7
518.475
522.674
517.031
609.444
617.903
599.271
589.969
25912.3
507.669
598.379
591.312
588.516
506.216
499.721
601.656
26338.5
602.247
605.885
511.518
485.318
637.519
605.284
505.384
26961
597.536
503.881
596.565
496.353
511.147
567.597
618.685
28289.4
603.781
516.489
498.939
512
489.698
500.583
517.462
26213.9
574.263
598.248
525.802
489.818
492.244
576.057
588.125
26186.4
507.7
517.411
594.049
616.129
610.106
534.842
515.497
26188.4
499.621
602.097
500.021
494.489
594.96
493.667
500.513
26319.1
604.342
497.707
496.684
529.41
546.629
592.354
622.574
26783.1
554.186
595.672
587.263
499.741
624.017
515.989
528.177
26336.1
520.329
611.809
512.21
621.06
535.373
571.336
540.255
26625.8
626.523
588.375
525.13
630.953
602.487
529.781
549.226
26882.2
518.735
534.501
482.081
513.643
531.915
540.565
610.887
25792.4
594.038
495.692
567.537
611.659
598.438
526.824
524.699
25486.9
587.423
634.912
601.625
523.265
488.906
496.984
578.162
25775.4
511.839
509.444
494.87
586.622
582.692
481.378
605.825
25992
506.366
508.211
553.044
590.17
645.016
618.455
556.431
25755
608.191
495.121
493.116
556.803
577.461
591.793
591.432
25784.9
594.91
578.553
599.561
511.979
532.577
510.325
600.203
26228.9
538.44
579.996
615.227
608.662
597.186
491.953
513.392
25101.9
607.971
508.762
557.785
596.935
533.058
539.532
601.626
24987.6
502.678
598.489
604.482
525.36
587.593
608.361
594.64
26150.8
582.582
599.802
505.113
534.842
570.454
620.8
647.08
26561.6
577.892
589.388
607.068
612.21
519.226
520.459
516.891
26288.1
560.351
564.36
526.362
512.08
509.563
568.7
603.46
26583.6
507.91
505.253
562.085
586.982
543.823
587.854
603.991
26843.9
509.363
545.566
493.808
588.004
573.421
588.485
555.389
26534.6
496.443
486.862
570.003
482.171
559.329
588.806
599.611
26280.5
580.136
590.229
599.822
508.351
487.212
554.488
592.424
26565.8
484.436
491.783
529.971
588.526
479.354
525.029
488.355
26290.9
566.585
579.374
562.626
585.298
564.691
483.293
489.648
26464.3
584.957
494.028
574.674
484.586
583.063
489.167
573.02
25884.8
487.523
532.737
499.451
536.465
571.978
482.04
560.2
25853.7
585.358
490.058
562.315
533.289
580.417
492.464
582.322
26212.2
608.03
506.667
609.554
496.614
568.319
571.937
499.631
27341.8
506.617
535.554
517.643
502.126
571.025
541.978
517.763
26968.4
567.026
478.752
591.632
565.593
581.76
550.999
536.707
27035.5
566.555
544.654
483.944
574.734
599.661
586.932
645.036
27198
493.978
555.068
548.464
590.741
460.14
497.646
514.906
26766.1
592.675
562.366
547.731
566.796
505.214
522.564
602.858
25941.5
542.53
563.117
543.482
587.764
525.079
474.362
564.35
27242.5
563.087
491.342
630.121
549.075
556.652
524.628
518.876
27707.2
508.982
556.221
490.349
521.091
494.148
567.658
493.677
27847.8
585.368
587.383
580.246
497.376
510.757
567.187
544.193
27334.7
550.579
578.583
595.832
604.563
481.268
548.363
478.502
28056.6
489.768
520.038
521.581
519.106
620.459
584.215
610.837
28218.2
494.589
557.955
539.983
570.845
597.176
619.988
549.876
27191.1
633.239
591.503
599.391
581.509
616.109
591.091
626.623
27519
607.179
534.521
511.538
559.579
685.659
500.112
637.599
27325.4
502.758
506.907
546.68
566.956
482.701
578.973
523.837
20933.7
583.555
539.222
530.703
597.396
608.241
605.143
590.61
19632.4
593.056
581.429
570.905
477.751
604.292
619.577
603.179
20905.1
503.73
513.272
523.396
591.703
691.462
586.029
601.476
20643.1
605.495
582.301
647.501
657.554
622.013
624.148
662.466
19566.7
565.643
573.38
526.142
535.844
585.599
518.775
549.195
21081
522.434
494.358
600.584
556.251
588.095
542.86
606.657
21083.4
820.47
591.693
618.795
702.789
701.425
646.058
681.66
20373.5
625.07
637.247
616.841
535.403
623.968
553.906
633.92
21408.5
543.261
556.993
610.095
619.708
551.741
521.682
627.535
20285.4
617.072
618.635
604.292
583.073
642.8
660.522
661.775
19300.8
699.371
698.078
718.575
707.851
722.604
734.953
699.3
20459.1
653.265
658.607
682.031
683.244
682.372
676.679
653.505
20549.7
687.534
658.116
684.377
709.845
718.575
715.729
701.496
21283.7
632.638
736.517
696.183
720.991
701.155
733.148
677.09
23127.6
750.068
695.141
587.975
656.112
624.258
545.155
12563.9
12939.8
19479
14270.4
26680.7
615.287
46734.9
36612.1
565.192
36518.5
658.417
36361.9
634.251
37520
645.166
36105
645.356
37075.2
632.898
36220.9
520.899
37190.1
632.196
36188.9
640.124
36234.1
532.617
37080.9
543.823
38152
555.931
36560.7
629.71
36772.9
674.604
32098.9
583.164
614.937
641.638
636.887
531.024
645.928
602.719
30116
628.087
649.847
651.5
531.263
613.162
590.029
31054.1
613.614
659.218
609.715
560.772
527.956
606.949
31028.9
542.279
640.936
632.567
632.808
548.563
546.99
666.124
29947.7
633.92
523.556
563.688
620.008
634.341
542.069
595.351
29450.7
632.527
642.079
546.248
526.032
546.579
547.1
563.749
30224.9
604.934
647.822
639.273
540.325
615.447
549.716
589.949
30934.4
623.977
548.774
563.678
545.817
544.114
606.277
672.309
30963.8
632.607
631.545
644.825
627.756
636.276
622.404
562.425
30394.6
535.443
575.044
633.74
625.782
548.282
538.781
677.701
30870
644.445
558.316
540.775
546.86
542.861
574.994
582.852
30367.8
573.541
640.224
527.084
542.63
532.527
16853.5
23183.1
1153.76
48737.6
10817.2
21868.1
36197.6
516.78
35744.3
515.247
33673
501.185
33409.6
562.756
33451.2
504.913
34296.4
526.894
33647.6
581.219
33508.7
603.901
34627.1
502.638
34496.8
507.258
34874.7
582.322
35087.4
596.344
36619.4
613.263
37047.9
536.606
27228.5
1286.88
1302.25
1258.2
1316.83
1315.13
1291.38
1308.54
1244.86
1267.39
1312.65
1270.78
1239.48
1238.22
1308.61
1338.14
1271.62
1259.65
1298.38
1319.61
1453.36
1262.67
1263.94
1288.25
1400.42
1297.19
1300.03
1429.03
1269.71
1317.23
1266.04
1274.02
1268.17
1279.97
1254.21
1278.45
1351.69
1248.4
1273.38
1346.83
1292.18
1284.33
1279.64
1259.96
1316.36
1275.28
1290.89
1307.42
1288.8
1379.98
1283.9
1298.97
1295.19
1324.02
1299.11
1330.35
1282.49
1272.89
1280.45
1272.68
1304.74
1262.54
1330.43
1265.29
1270.67
1282.76
1273.64
1236.65
1298.84
1254.8
1255.04
1277.18
1256.93
1280.56
1277.62
1282.72
1283.01
1267.83
1358.06
1352.72
1292.99
1376.94
1386.37
1290.52
1356.98
1295.18
1296.9
1307.3
1320.77
1295.04
1272.09
1292.35
1238.01
1282.73
1309.98
16739.6
13787.8
26909.2
19909.8
1366.92
1297.15
1367.25
5391.77
11359.7
12395.6
20276.5
555.68
54748
1450.94
1381.5
1295.18
1334.23
1355.33
1315.39
1304.93
1429.85
1352.99
1375.66
1381.49
1429.46
1402.61
1429.49
1380.99
1364.78
1336.95
1374.09
1344.43
1394.19
1342.14
1357.02
1400.72
1387.39
1423.11
1424.49
1358.43
1314.3
1337.61
1360.03
1323.18
1283.22
1533.24
1353.31
1361.29
1291.58
1375.39
1305.44
1352.25
1281.77
1310.68
1345.29
1293.35
1398.26
1301.64
1297.73
1347.04
29315.4
23326.5
34735.1
542.96
33105.4
534.501
32539.7
506.357
31973
598.248
31969.8
613.934
32571.7
614.516
33128
525.07
32239.1
622.083
31875.8
614.456
32579.9
598.429
31726
599.952
32500.1
615.628
32703.6
678.072
31756.3
611.709
32499.8
617.302
32774
610.055
602.057
510.987
520.75
593.527
583.855
581.289
29083.5
527.575
538.451
539.151
609.183
533.298
600.664
643.772
29148.2
542.981
608.04
512.149
608.171
512.661
508.722
521.06
28627.8
608.552
610.527
622.985
629.229
599.912
616.64
539.162
28148
620.92
631.274
556.322
549.425
571.055
584.667
479.014
30520
579.084
597.827
602.387
587.673
558.346
498.578
550.117
29157.7
615.147
587.073
543.101
574.984
595.501
583.244
614.396
29158.4
503.169
535.884
492.705
495.25
495.611
604.773
542.97
27356.6
611.499
504.712
489.808
518.103
485.849
570.564
508.211
27801.7
569.952
572.98
496.433
529.489
542.7
510.617
522.543
28714
505.334
588.376
584.917
612.711
494.058
572.148
584.075
28278.9
586.772
542.99
586.01
526.242
595.001
579.986
565.853
27711
577.169
576.929
602.999
489.096
632.116
643.061
623.416
27266.3
586.771
594.77
607.449
601.907
569.753
665.403
516.741
27388
557.845
512.17
747.352
498.819
586.291
600.864
579.184
28650.2
630.362
522.774
527.956
632.607
668.4
516.991
504.151
27312.2
601.115
662.025
693.578
636.566
595.712
638.2
561.764
29102.3
570.113
640.335
603.369
617.091
648.194
635.915
682.552
28213.7
660.482
664.531
571.897
663.007
660.912
570.263
563.377
29207.1
664.22
666.144
627.245
597.035
661.424
634.101
550.027
27189.5
728.578
683.725
657.464
660.793
615.388
622.524
635.032
28906.6
533.679
529.239
535.734
579.104
606.837
542.159
592.986
28338.4
714.054
662.957
673.611
693.307
559.609
691.152
662.596
27311.5
535.182
523.506
613.734
633.9
523.355
599.02
595.231
27195.7
534.972
597.286
628.197
574.664
619.236
523.235
629.199
27049.8
606.858
659.639
535.935
565.984
598.609
561.794
619.456
26134.1
534.321
534.742
631.525
637.839
623.376
524.869
632.226
27093.5
639.684
632.978
515.647
586.701
533.248
525.311
525.791
27805.2
619.417
641.007
541.377
534.582
635.133
633.941
593.828
26402
626.162
537.367
620.119
552.983
620.79
512.941
596.784
26578
519.336
634.581
629.019
511.939
545.847
606.757
567.737
26299.9
521.582
534.131
525.07
564.079
577.911
604.272
514.665
25841.5
613.192
603.139
622.223
630.151
609.434
546.399
618.896
26321.6
526.863
523.776
503.098
515.788
614.184
515.157
589.468
26983
517.141
582.271
574.874
615.498
537.959
632.377
626.172
27096.8
529.931
602.358
517.021
600.192
619.507
521.482
516.58
25863.7
594.55
649.556
651.461
560.24
638.321
533.238
549.335
26127.8
661.484
699.662
581.349
597.005
664.23
580.938
587.804
25881.9
534.311
622.614
528.658
629.129
528.638
617.522
637.077
26469.7
654.457
599.551
644.765
637.017
623.978
546.168
541.527
26728.1
545.777
540.565
630.062
538.901
521.16
612.722
620.74
27706.6
638.922
615.578
591.242
636.335
601.986
540.665
608.461
27893.6
656.151
663.388
659.349
666.325
571.507
637.859
641.979
27928
590.219
602.027
565.803
601.505
568.92
558.015
622.614
27007.5
549.506
539.343
557.424
609.715
631.364
599.972
625.039
27073.7
608.181
658.106
600.333
729.3
505.665
637.358
603.4
26785.2
512.22
609.164
515.818
630.642
566.214
504.682
595.462
26101.7
520.038
534.983
623.837
506.025
628.878
586.18
511.839
26558
657.876
507.82
611.368
586.662
504.723
556.622
592.244
25893.1
518.704
531.755
615.107
601.896
596.544
595.742
509.684
25698.3
496.243
606.567
609.514
578.242
481.189
598.789
603.15
25560.2
497.356
557.855
609.624
622.895
558.597
508.551
511.077
25527.8
509.494
491.372
526.463
499.871
510.847
637.478
508.722
19461.6
487.763
545.106
557.855
622.604
518.895
520.809
551.249
18118
502.277
594.028
613.453
600.122
509.794
589.989
493.787
19616
496.855
506.206
487.192
539.874
506.367
512.842
578.262
20343
538.239
504.803
486.922
575.726
576.599
582.832
579.706
19532.7
534.481
497.817
508.932
526.222
512.42
518.264
506.005
20242.4
559.879
559.939
582.512
493.947
499.26
524.999
505.264
19436.1
512.26
498.749
517.583
482.853
469.21
512.45
521.882
19030.3
515.267
605.846
600.112
519.246
584.316
545.046
558.466
20335.1
532.496
593.898
600.273
589.679
506.707
509.775
621.231
20257.5
512.962
618.485
491.171
504.692
506.778
519.306
753.465
18681.7
572.629
489.096
576.969
635.654
562.286
489.758
590.51
19378.5
653.435
526.774
573.782
490.951
479.975
566.154
576.228
19250.6
519.707
571.256
490.239
525.59
567.096
497.826
486.942
18132.3
509.113
493.997
647.882
514.786
681.139
586.782
610.336
21630
552.693
588.214
492.574
616.17
534.751
495.491
603.791
640.595
41031.3
36311.2
549.356
35930.2
541.156
35405.8
640.826
37324.3
550.869
38225.5
620.67
36518.1
635.384
36182.9
534.07
37444.1
643.823
553.656
529.039
576.157
626.242
535.623
592.053
30296.2
657.625
532.607
655.139
594.629
607.318
635.203
541.176
29278.8
606.687
618.304
632.036
637.278
549.115
639.132
559.97
29351.3
641.828
637.709
543.081
634.171
527.084
621.571
519.707
28018.8
532.447
605.725
529.179
598.98
675.045
541.537
652.883
27833.6
524.208
543.331
645.186
546.218
637.147
34843.9
47854.2
41285.1
36662.9
596.254
14130.4
1283.95
1269.31
1249.44
1307.64
1206.52
1288.49
1275.86
1272.87
1295.49
1313.63
1260.69
1243.55
1293.59
1326.45
1309.26
1330.65
1299.89
1305.22
54397.9
37236.6
15212.4
46226
19147.9
22079.2
46517.9
37654.4
34568.2
700.373
36832
688.125
35160.1
660.281
35977.1
680.538
36200.8
701.485
40319.8
39034.3
38022.6
606.337
36746.2
566.384
36313.6
578.703
34214.2
554.858
35808.6
623.737
33755.8
1463.97
1467.73
1339.09
1397.04
1410.06
1361.48
1360.57
1353.96
1460.29
1362.56
1374.87
1417.44
1341.97
1347.89
1360.92
1345.5
1385.7
1332.81
1311.05
1334.3
1354.6
1301.86
1378.06
1344.93
1322.51
1322.27
1340.23
1307.37
1344.4
1370.83
1350.61
1363.98
1327.31
1342.84
1312.76
1362
1336.97
1362.09
1366.76
1427.61
1340.59
1346.12
1462.77
1376.17
1448.3
1453.55
1379.61
1384.66
1382.25
1381.17
1364.91
1363.84
1383
1362.21
1383.53
1347.68
1396.65
1381.38
1412.46
1399.71
1341.22
1342.96
1337.21
1389.57
1335.36
1344.18
1295.54
1364.87
1464.68
1490.86
1475.67
1393.8
1380.17
1424.2
1381.66
1504.44
1396.9
1404.4
1386.99
1329.93
1333.28
1368.81
1407.3
1392.49
1407.97
1373.8
1289.11
1374.37
1385.71
1342.52
1428.16
1372.92
1362.11
1415.82
1406.87
1426.81
1330.11
1373.76
1423.44
1409.05
1433.3
1366.72
1294.68
1337.77
1331.79
1322.53
1407.2
1382.15
1372.37
1382.62
1337.51
1337.65
1358.91
1350.8
1343.86
1383.12
1418.51
1363.93
30613.5
25850.2
575.316
36908.2
638.801
35884
633.74
35408.1
537.147
37248.7
534.902
36847.2
570.774
35866.3
594.87
37416.2
531.534
36374.1
592.404
35699.5
613.944
35921.9
616.65
36544
633.128
37690.4
649.987
30023.9
638.942
23283
546.509
22755.1
588.585
19225.3
622.915
639.172
614.114
608.762
610.106
623.356
591.393
18752.1
585.589
641.187
613.302
563.949
553.936
585.148
523.686
18893.4
644.504
545.507
624.408
617.222
627.085
522.724
515.056
19126
637.077
555.59
539.773
520.459
544.214
567.327
533.078
19323.7
534.06
539.813
533.96
532.256
624.528
623.706
639.112
20115.3
628.006
638.561
629.089
625.471
560.12
673.16
531.775
19957.5
551.841
535.233
523.506
518.564
512.951
541.037
527.725
19833.6
634.832
651.109
624.197
620.228
621.451
627.475
626.353
19904.4
643.743
654.046
638.802
632.867
628.066
676.207
530.753
19265.3
529.43
531.314
534.451
533.479
611.949
642.62
629.85
18880.3
540.565
643.642
532.387
587.624
530.542
647.501
533.539
19526.3
539.823
571.005
640.445
632.988
625.1
33719.3
19813.8
33475.4
46512.5
22166.5
19951.2
526.142
1354.5
1392.95
1346.99
12655.8
22817.6
21972.8
12402.4
24259.8
22786.2
519.226
38603.2
625.291
33933
606.757
32479.1
622.975
32637.5
532.376
34130.6
509.283
10809.3
1262.8
1287.12
1283.64
1278.11
1326.09
1287.79
1286.46
1339.88
1252.96
1265.91
1232.44
1318.67
1261.62
1221.6
1349.71
1270.84
1284.35
1303.63
1278.92
2272.6
1291.55
1275.96
1347.42
1365.97
1301.24
1283.36
1389.56
1237.59
1294.05
1373.66
1353.27
1296.77
1305.31
1291.04
1295.3
1287.16
1252.19
1562.39
1278.41
1241.78
586.952
608.933
19187.8
5593.43
4719.9
3895.97
3155.03
2502.92
1697.58
643.662
12923.7
1473.78
1465.8
1378.82
1444.7
1413.95
1466.21
1466.55
1361.46
1483.06
1334.79
1351.61
1362.15
1421.75
1350.65
1356.22
1327.64
1501.66
1378.06
1391.24
1309.16
1337.61
1353.51
1372.21
1384.2
1375.41
1355.63
1272.15
1350.59
1355.23
1355.44
26413.6
21946.4
21652.5
35336.3
28288
490.69
35430.7
602.417
35105.8
505.514
34780.2
590.51
34199.9
522.324
28610.4
612.932
21265.2
623.135
20221.7
503.129
19773.5
590.6
19747
601.806
22084.7
602.398
19715.6
511.087
20028.2
515.548
20104.6
595.462
19224.8
598.158
526.492
517.512
579.716
615.858
10319.6
523.286
586.03
616.911
625.09
534.281
520.65
615.367
499.17
555.299
596.595
496.122
596.073
504.843
617.232
7292.19
526.112
486.621
500.122
499.56
516.52
605.855
614.796
528.157
609.925
532.015
29351.3
14456
20861.9
496.634
46070.6
34617.2
502.978
35188.6
499.46
35072
605.495
35320.3
501.595
35066.2
536.466
19902.8
1425.89
1237.73
1311.1
1281.86
1257.16
1323.62
1257.27
1273.49
1266.47
1248.18
1249.55
1241.81
1307.69
1225.42
1210.69
1358.61
1238.83
1289.22
1329.28
1270.69
1339.56
1282.79
1266.71
1319.68
1292.98
1283.15
1244.38
1299.23
1284.6
1291.09
1284.51
1259.72
1301.57
1311.34
1351.81
1208.74
1276.21
1283
1283.56
1335.31
1413.12
1383.41
1471.96
1581.32
1427
1461.38
1446.42
1415.23
1431.69
1425.87
1453.91
1418.73
49178.1
16373.2
22309.8
34439.3
34747.3
556.121
33313.1
619.538
32502.1
519.988
33268
511.658
33198.3
558.326
33162.1
565.793
32971.3
508.08
32945.4
485.257
31612.2
530.683
31907.5
480.356
31768.3
511.057
33140.4
553.966
32135.4
490.29
32102.1
507.299
32311.6
572.198
561.653
581.349
593.056
583.855
580.698
594.579
26089.9
500.223
493.387
577.52
532.376
503.59
496.394
502.988
25872.8
541.176
607.329
508.562
594.269
508.421
489.257
521.752
27163.1
626.463
517.973
605.946
513.834
578.442
582.251
528.097
27284.6
527.205
515.387
625.31
495.893
596.614
564.68
522.404
26136.2
608.932
478.953
612.902
492.233
641.007
506.497
526.051
25732.8
610.827
602.036
617.021
499.39
529.088
508.341
531.815
26712
503.901
597.687
627.425
583.333
619.247
504.101
588.585
26784.9
499.34
520.569
475.405
493.607
561.553
524.588
553.204
27253.9
606.878
522.273
490.861
526.803
511.318
556.753
597.727
25643.1
517.151
601.496
506.327
487.624
556.682
598.519
589.939
25850.1
526.383
492.745
505.815
576.849
607.58
528.106
516.871
26972.9
593.457
520.338
591.373
576.858
510.616
555.98
484.697
29297.5
487.543
586.601
611.579
597.957
500.834
513.121
578.362
27071.3
593.978
510.226
600.664
586.08
499.23
523.466
526.082
25877.9
598.548
502.959
561.754
497.085
505.866
607.509
571.557
26716.8
583.404
495.321
521.501
539.473
585.489
510.686
495.391
26621.3
506.276
505.234
599.761
590.49
514.846
498.297
596.625
26923.4
600.123
517.111
510.797
520.258
531.654
609.364
607.951
27015.1
604.112
507.74
496.514
615.288
538.07
507.76
504.612
27390.3
512.681
601.876
492.094
510.015
585.389
481.018
578.302
26617.4
551.781
488.625
500.984
554.026
597.456
600.143
499.631
26399.3
632.517
528.377
607.86
499.53
559.98
608.291
489.027
26104.2
499.972
583.895
592.114
499.03
611.428
493.266
549.044
25085
589.308
497.466
572.057
626.844
519.105
592.876
604.081
25326.8
613.052
501.144
593.537
490.169
495.953
502.317
508.591
25788.5
626.413
601.095
516.409
491.081
505.134
492.535
544.805
28839.5
479.995
575.967
551.441
485.147
488.034
576.278
622.464
26271.7
597.185
493.747
600.914
578.201
519.667
552.924
617.312
25175.3
499.219
504.412
544.444
484.316
541.437
596.624
621.391
25578.6
510.105
492.174
487.433
505.735
497.927
575.897
536.155
25048.8
604.583
632.066
508.993
599.441
608.552
512.882
510.656
25170.1
590.701
510.606
515.207
563.327
614.566
615.377
513.102
25544.6
516.61
484.997
485.579
495.321
585.77
574.413
600.974
27040
606.707
515.839
601.205
583.464
627.666
521.692
502.357
25535.8
517.512
574.874
618.535
489.337
574.363
486.29
602.578
25089.6
612.922
489.227
502.126
566.395
602.067
584.867
561.373
26246.8
508.18
526.713
482.632
598.559
488.224
584.837
595.943
26076.4
591.242
599.541
588.376
559.018
517.171
543.532
577.901
28934.5
545.526
563.418
581.78
485.378
500.392
595.872
605.835
29295.6
595.912
513.784
599.311
589.899
540.324
521.351
581.339
28607.3
583.965
586.121
583.854
487.543
541.026
581.72
567.437
31126.3
489.999
578.703
587.233
589.849
512.431
495.902
615.407
28211.4
590.089
569.783
509.133
501.275
495.08
605.856
526.463
29097.9
501.636
615.598
624.789
639.674
564.791
524.498
613.864
30232.5
545.527
528.608
499.51
608.282
593.958
617.332
498.047
29549.8
514.625
525.049
677.36
2201.67
632.748
541.998
628.147
31762.3
621.581
560.471
618.695
644.895
628.688
664.661
498.609
29078.2
511.729
509.895
530.843
648.224
493.266
523.105
492.094
28667
635.273
583.644
612.441
611.74
624.057
529.179
617.092
29795
638.18
519.878
541.517
603.57
617.583
631.374
562.285
29035.8
541.989
631.865
573
604.141
529.84
591.593
634.882
30257.6
549.526
614.836
551.731
545.687
527.545
613.122
616.32
29329.4
649.516
556.312
618.394
632.076
611.618
593.547
679.085
29943.4
633.088
587.583
680.437
663.308
644.525
661.614
584.316
30820.7
698.319
656.462
591.432
660.521
560.211
682.221
704.512
33119
681.379
579.816
634.872
672.358
591.673
613.814
749.175
31958.9
564.07
582.612
694.018
683.073
598.027
657.324
591.743
29240.2
677.31
571.676
655.3
668.821
692.765
687.624
673.541
29068.1
689.608
673.05
632.156
561.995
657.054
692.465
725.591
29343.8
723.907
610.827
701.747
605.325
714.065
693.628
701.766
28446.5
603.249
702.999
724.498
713.082
724.219
603.33
655.911
28428.5
680.548
682.943
636.116
642.801
644.404
655.87
671.025
28315.4
658.436
666.596
608.391
678.413
587.233
587.604
678.082
29523.8
578.372
654.738
708.261
578.613
648.363
666.586
601.716
29574.9
651.1
569.071
573.33
675.736
571.386
586.802
668.119
29891.5
669.502
685.429
585.058
650.979
561.053
616.661
695.662
29627.7
674.133
684.186
627.595
675.426
575.626
656.793
46728.7
21002
19981.7
33650.4
34682.5
634.793
35311.3
571.196
32778.4
1380.43
1326.93
1311.8
1303.62
1298.62
1360.1
1328.92
1326.53
1354.27
1361.85
1340.36
1357.29
1353.34
1322.12
1306.45
1334.11
1318.32
1301.46
1269.1
1320.83
1303.33
1275.15
1324.55
1297.13
1299.61
1310.96
1287.65
1243.37
1288.97
911.95
43121.1
15634.2
30843.5
40226.2
36306.7
654.568
37711.1
37562.5
598.84
36433.5
618.706
36601.8
605.876
37557.8
35890
531.124
35778.9
518.074
36465.9
525.911
35878.5
589.418
35779
611.869
37229.7
550.368
38139.2
37011.3
551.891
29967.2
528.758
598.789
579.736
533.459
632.617
617.693
619.868
30261.1
626.292
656.512
602.257
549.656
615.217
557.795
616.179
31249.3
628.067
610.266
550.017
624.699
613.764
556.541
647.913
32889.7
542.399
625.43
610.707
641.157
530.111
636.045
621.1
32858.7
571.857
644.314
564.26
655.109
609.784
658.557
600.313
33379.5
572.799
530.231
523.336
563.357
513.844
641.147
601.967
33364.8
526.042
552.332
616.57
536.445
504.873
603.1
587.824
29201.8
527.726
531.454
610.166
611.409
516.54
515.327
509.764
29596.7
521.632
514.275
594.169
644.896
518.113
501.545
504.441
29770.6
644.405
588.546
505.625
604.051
569.532
618.104
588.034
29743.9
609.865
536.355
611.819
552.141
598.609
619.717
523.946
30164.6
637.238
509.293
616.49
545.777
591.754
27976.6
68133
13933.9
614.225
17314.5
10446.8
14491.1
19698.4
541.708
10607.6
1333.4
19670
37409.4
8442.94
21885
32983.8
45957.5
7006.31
41993.5
27583.4
29938.4
14960
23945.6
36133
27832
34482.5
32644.2
615.578
32795.8
595.091
33440.3
491.221
33527.4
504.652
33719.2
576.808
34213.9
606.266
35014.4
527.375
34881.6
594.459
32092.9
626.212
31939.2
579.394
32803.3
564.17
32130.8
541.497
31987
524.879
593.908
498.138
601.145
589.338
28021.6
656.793
502.808
499.701
633.379
528.758
519.106
27717.2
649.506
540.154
667.327
638.21
666.265
631.234
28555.3
604.082
608.382
534.912
625.15
619.207
520.99
28061.7
632.627
539.593
522.754
636.787
630.773
534.261
28517.3
625.19
635.634
700.854
630.372
642.329
649.887
27943.2
548.934
621.462
627.035
527.104
657.083
558.757
27603.2
640.495
636.356
550.879
543.041
627.936
531.204
28154.6
627.506
753.576
549.697
633.66
617.152
628.578
27846.2
677.551
557.966
656.993
646.329
551.921
654.057
28426.4
639.784
642.951
527.786
614.035
613.083
516.63
28040.7
533.73
612.531
531.164
617.753
542.901
538.511
27735.6
641.668
622.564
539.492
542.75
641.337
520.529
27837.6
545.366
546.7
669.141
639.844
644.895
541.146
28503.4
617.232
622.965
524.708
617.062
514.606
632.316
27585.1
532.757
526.232
630.372
626.543
639.703
637.288
28546.8
567.016
614.195
661.313
635.244
632.657
531.474
29077.3
532.607
628.026
525.922
615.598
516.8
622.023
28848.4
628.197
542.58
632.527
553.475
627.154
537.438
29081.5
610.827
637.528
619.126
521.451
611.408
606.427
28445
646.98
539.002
542.48
557.604
619.487
629.61
28437.4
636.556
611.408
636.556
529.851
627.425
533.188
27400.1
611.458
544.043
610.446
528.728
648.454
548.353
26794.2
629.46
531.304
630.041
537.499
628.297
536.526
27104.3
537.518
623.356
513.252
610.366
600.102
527.765
27923.4
616.77
518.414
642.71
618.545
589.086
526.964
27020.9
533.058
625.781
514.195
623.145
526.082
625.872
26562.4
624.479
545.767
649.175
519.817
589.528
568.77
26663.6
596.053
526.071
591.563
519.988
529.48
609.784
26703.3
528.487
619.878
544.896
652.653
539.273
539.894
27607
620.81
651.49
599.882
533.018
595.191
596.033
30088.2
631.525
534.732
538.31
619.858
606.427
548.644
30718.5
634.2
622.374
627.425
646.379
529.86
542.961
30192.3
584.667
639.323
541.889
619.296
622.023
628.347
30864.6
541.497
668.53
611.629
611.889
603.861
526.533
21689.5
541.978
594.73
623.506
632.046
534.421
1338.56
1314.83
1397.94
1296.66
1362.85
1418.93
1303.43
1368.2
1326.66
1270.72
1312.52
1369.64
1450.9
1305.66
1327.73
1306.26
1382.14
1344.06
1457.67
1380.55
1277.2
1304.97
1362.52
1327.44
1298.22
1399.3
1407.42
1276.78
1294.35
1328.67
1309.89
1371.79
1350.4
1369.77
1341.57
1330.02
1491.64
1320.23
1423.5
1315.27
1362.5
1403.9
1343.36
1404.53
1387.88
1382.52
1383.61
1351.53
1335.42
1424.33
1431.25
1426.12
1474.94
1324.53
1416.36
1309.68
1350.96
1357.38
1394.69
1351.5
1339.96
1315.88
1333.54
1367.89
1321.62
1434.2
1250.05
1326.08
1342.69
1355.32
1385.5
1332.05
1281.13
1410.38
1258.26
1297.34
1300.5
1259.92
1268.69
1307.77
1274.88
1303.49
1299.27
1345.52
1352.14
1334.14
1393.69
1331.85
1424.48
1414.38
1486.79
1394.1
1408.76
1368.89
1343.07
1349.24
1456.08
1401.73
1440.75
1388.04
1316.67
1313.45
1335.26
1416.84
1335.5
1310.35
1374.5
1454.38
1335.52
1334.47
1390.68
1356.55
1374
1440.76
1359.05
1401.48
1459.83
1450.29
1386.24
19376.9
25349.2
13377.8
27223.1
34534.9
1552.99
1481.2
1454.62
1367.37
1379.21
1380.2
12506.8
27744.9
28445.8
28366.1
90959.9
11913.6
10838.9
27465.5
46209.8
4309.31
3077.69
937.159
19257.9
17576.5
18449.7
714.857
38602.3
709.514
38522.7
30163.5
648.063
36230.4
730.893
37184.2
754.147
36621.8
644.695
37427.4
699.311
37384.7
706.087
37266.3
628.969
707.75
605.495
755.962
707.41
30889
623.436
638.942
719.377
722.684
624.068
715.699
29478.7
715.478
750.037
725.441
610.646
704.383
726.183
29720.3
633.179
712.701
634.642
738.592
689.167
578.593
29317
590.61
655.109
759.78
651.25
579.876
31465.8
600.583
691.943
685.95
588.987
687.905
657.574
31730.7
698.108
684.376
650.448
44779.1
11834.3
42294.8
40099.2
37871.7
554.126
37942.5
633.62
38768.2
559.298
40251.9
655.379
39370.9
574.203
38962.6
648.864
37415.6
569.241
38429.3
651.792
37507.5
641.868
38093
628.859
36846.6
654.507
38343.7
693.347
37992.4
640.625
37712.6
552.302
31275.4
646.128
564.5
551.24
561.162
568.49
553.666
559.007
31038.6
660.281
649.225
646.519
648.945
572.098
657.825
582.652
32220.9
659.399
712.07
558.777
550.678
649.185
556.562
555.229
30748.5
665.994
661.614
568.87
653.345
556.803
674.203
672.689
30818.8
666.225
582.161
568.71
656.683
545.918
614.085
617.051
31759.9
633.429
551.972
629.51
663.478
547.701
628.828
526.864
31647.4
545.948
620.62
636.355
631.063
548.714
637.709
542.119
30306
640.776
629.991
641.027
638.751
546.038
554.407
649.205
31288.8
637.909
565.582
551.691
667.287
624.168
551.631
625.701
30584.4
627.656
689.027
548.854
696.223
535.964
661.143
644.565
30780.7
546.679
651.782
561.494
652.042
569.03
642.27
540.986
30161.2
632.777
532.537
634.912
644.675
539.072
17874.5
28093.2
17163.6
29540.3
14667.2
18221.2
31769.3
699.451
33860.1
696.173
33797.8
677.831
33818
641.387
34553.3
532.707
33455.4
599.01
33295.6
636.336
33262.3
539.753
1340.19
1305.31
1305.89
1380.25
1357.03
1307.01
1347.3
1452.22
1319.93
1325.61
1313
1279.64
1323.96
1304.32
1360.87
1276.96
1305.14
1305.3
1340.48
1277.27
1272.62
1283.89
1297.11
1360.6
1335.61
1373.59
1290.85
1304.84
1343.02
1245.71
1270.48
1335.68
1266.77
1311.85
1359.08
1305.42
1296.46
1347.07
1421.55
1347.5
1398.11
1251.46
1334.57
1336.23
1389.22
1300.95
1370.26
1293.36
1371.54
1424.88
1283.24
1288.22
1402.56
1322.63
1390.25
1286.3
1266.96
1265.93
1299.09
1376.57
1309.16
1307.67
30838.2
60023.9
49686.8
5194.82
5570.55
24622.7
12751.3
15930.8
613.553
34065.3
26194.9
625.22
33576.3
535.805
33437.8
509.494
33732.6
520.018
32897.9
605.475
29636.9
613.323
19726.4
613.964
20046.5
509.935
19857.2
518.664
20208.7
514.274
19600.1
518.003
19296.5
621.852
5010.69
1374.35
1325.16
1306.68
1288.2
1301.43
1336.05
1268.78
1257.44
1318.12
1345.6
1263.36
1269.54
1239.83
1269.8
1344.18
1250.09
1282.31
1317.31
1335.25
1290.45
1353.67
1395.44
1282.46
1358.49
1288.94
1355.1
1293.59
1236.24
1282.73
1355.55
1377.38
1285.39
1372.08
1300.88
1430.38
37939.2
56324.1
5552.37
5240.21
2204.52
606.998
607.299
67808.9
16094.8
56007.6
48324.5
39028
38857.1
708.592
39393
708.372
39406.9
610.476
38329.7
667.758
39097
683.243
39058.7
636.476
39167.5
613.102
36542
594.319
16843.2
1457.47
1374.19
1400.72
1551.44
1482.15
1351.59
1389.6
1451.06
1486.67
1361.05
1525.97
1369.33
1325.54
1335.96
1370.11
1339.32
1365.15
1329.81
1424.17
1363.95
1349.28
1320.46
1378.76
1347.33
1385.22
1291.1
1610.97
1367.19
1332.78
1343.36
1345.97
1304.61
1368.74
1459.12
1441.23
1370.7
1362.37
1401.53
1389.8
1350.94
615.217
610.517
46490.9
38143.5
29321.8
703.3
36942.8
688.997
1417.93
1538.15
1414.29
1482.19
1372.65
1389.55
1364.44
1428.4
1357.93
1384.24
1353.64
1394.08
1368.08
1330
1373.21
1376.4
1458.43
1482.95
1387.77
1364.5
1375.83
1347.57
1455.09
1413.27
1325.59
1378.03
1407.21
1375.14
1345.48
1393.15
1377.01
1396.57
1337.77
1360.8
1394.88
1390.23
1400.45
1399.74
1348.04
1291.31
1359.81
1361.46
1426.42
1389.38
1394.06
1428.23
1396.55
1356.65
1324.28
1315.32
1334.15
1296.01
1361.14
1354.48
1363.58
572.499
16431.1
1246.58
1230.23
1235.17
1244.28
1225.16
1312.26
1232.36
1267.57
1234.42
1306.55
1280.22
1290.58
1244.65
1299.6
1290.16
1270.78
1227.4
1257.77
1227.24
1299.35
1301.42
1289.94
1169.54
1308.33
1250.06
1285.92
1249.32
1296.72
1295.17
1251.55
1341.09
1274.65
1311.34
1236.88
1306.21
1352.39
1293.43
1260.35
1294.4
1314.88
24781
43122.1
6411.36
2024.25
31416.3
57809.7
25112
52289.1
5242.64
23011
14888
22677.6
34038.3
36056.5
34805.5
545.216
36389.1
662.246
34889.1
643.191
35830.2
640.626
35447.1
555.37
36891.3
560.721
35464.2
651.51
35254.9
564.501
35606.1
657.905
35859.3
569.612
35352.8
619.376
36146
565.202
35987.1
574.694
35533.1
673.091
567.457
555.831
615.679
632.768
633.64
595.322
28290
687.954
556.833
590.891
594.149
649.997
651.119
691.222
27941
588.225
658.827
709.624
594.459
588.385
652.944
633.74
29236.5
578.873
632.788
606.046
667.447
683.866
739.845
23611.4
15382.5
45156.7
16139.5
21861.2
41819
36988.5
528.207
38219
629.861
37519.9
535.223
38706.9
641.337
37559.2
653.084
37789.2
565.944
36630.5
554.718
38294.9
647.351
38797.9
684.266
38629.6
534.741
37422.7
673.221
31285.7
633.92
24854.6
551.992
24915
554.377
20907.9
566.234
588.957
637.328
678.984
629.008
640.525
551.36
19841.5
566.726
608.251
655.911
638.401
643.121
643.242
568.81
19489.2
646.189
661.725
532.667
632.808
536.044
559.759
537.668
19418.3
573.321
560.2
661.023
654.487
650.669
544.684
565.442
20006
664.38
658.467
642.028
646.129
648.323
551.902
634.662
19664.9
671.246
640.586
617.753
549.315
645.897
635.163
647.832
20189.1
670.434
565.532
655.189
650.228
653.635
629.56
652.643
16678.2
573.17
615.929
645.547
640.866
567.297
645.256
563.488
1419.15
1308.15
1331.86
1392
1374.62
1327.88
1290.02
1346.13
1323.34
1404.41
1305.78
1382.89
1294.87
1411.38
1304.86
1318.49
1322.28
1322.16
1412.9
1351.59
1328.97
1341.12
1318.18
1423.1
1315.26
1354.13
1390.77
1327.72
1295.8
1369.68
28663.3
41817.8
5922.11
9448.93
661.614
33937.2
27670.3
637.859
34620.6
611.99
34317.7
528.798
13179
545.727
5466.11
534.721
25455.6
550.187
35463.3
525.079
35350
552.753
35569.4
650.599
35342.4
624.048
35132.3
529.179
35375
635.363
35530.9
542.449
35100.3
545.988
28391.3
637.017
626.773
538.842
1432.78
1327.85
1340.62
1335.44
1374.42
1371.89
1414.02
1425.23
1386.28
1438.46
1327.33
1350.43
1385.25
1432.04
1444.64
1431.66
1344.57
1442.94
1329.72
1364.15
1432.05
1436.49
1335.62
1329.46
1291.11
1287.2
1357.65
1291.85
27983.5
12520.5
29791.8
35923.4
656.733
35228.3
649.657
11536.9
1458.26
1448.6
1365.8
1368.36
1383.24
1401.96
1401.19
1363.78
1305.22
1329.42
1331.59
1306.43
1347.47
1319.58
1406.5
1377.83
168551
15681.3
11066.3
18826.2
1362.94
29291.4
13013.2
21520.8
31520.8
28845.1
638.862
35555
625.711
21840.3
1401.98
1428.06
1327.34
1356.64
1362.72
1352.97
1324.77
1361.55
1370.93
1341.69
1440.95
1295.13
1297.81
1316.19
1321.93
1340.2
1383.68
1381.34
1334.84
1337.27
1352.78
1338.01
1302.86
1346.63
1293.09
23057.8
25067.3
20398.9
23447.5
31969
675.215
34337.5
639.172
33984.7
650.849
1401.49
1315.32
1327.19
1408.88
1311.01
1404.83
1360.08
1353.01
1386.04
1376.21
1324.06
1352.94
1359.95
1322.45
1272.11
1316.94
1349.93
1278.07
1311.62
1382.44
1424.38
1290.43
1356.43
1289.24
25087.4
28674.5
27422.4
10302.1
6083.24
11387.5
505.765
32944.8
641.026
34494.4
632.327
34904.1
611.389
34297.1
615.789
32934.4
520.469
34156.9
35166.6
548.684
34822.1
546.499
33170.8
631.886
33095.7
630.402
24278.3
1307.22
1278.62
1315.17
1321.44
1378.45
1335.3
1298.53
1305.69
1327.94
1376.65
1255.72
1345.07
1283.49
1287.03
1332.59
1299.6
1378.31
1335.21
1282.86
1272.68
1256.27
1313.97
1288.94
1340.29
1323.23
1356.31
1262.7
1284.76
1335.93
1296.71
1265.26
1262.12
1289.06
1299.15
1277.31
1364.26
1299.91
1255.98
1338.21
4595.19
9332.25
613.864
30247.5
26624.5
538.761
33621
641.878
33750.9
566.886
33778
651.651
34306.5
604.282
30580.9
527.294
19872.2
523.296
20071.5
519.847
16307.2
538.51
1306.5
1359.41
1384.65
1427.53
1356.11
1304.49
1322.34
1399.3
1305.28
1275.86
1371.05
1289.64
1309.24
1269.88
1326.39
1275.14
1298.41
1278.57
1267.99
1288.28
1348.8
1299.98
1274.17
1371.13
1319.39
1335.16
1313.54
1334.84
1318.37
1281.07
1373.34
1317.58
1281.17
1313.57
1353.32
1291.72
1513.92
1313.38
1335.46
1312.84
1392.65
1394.24
4500.88
13801.6
626.844
41913.6
33958.9
613.593
34030.3
606.106
14189.8
1338.22
1314.94
1535.55
1315.88
1345.69
1442.97
1357.23
1331.95
1286.51
1280.78
1288.7
1307.77
1331.64
1289.86
1276.43
1272.68
1265.41
1386.92
1431.33
1336.35
1374.12
1505.1
1384.32
1314.31
1322.4
1352.31
1281.02
39214.8
17667.1
81332.6
42175.2
35675.2
34430.4
635.294
34231.5
526.192
34320.9
629.921
35131.8
620.038
26104.8
1343.41
1316.25
1367.4
1322.43
1313.95
1318.81
1371.46
1286.8
1294.51
1320.3
1286.43
1287.33
1291.04
1358.63
1315.9
1281.22
1312.47
1291.69
1265.95
1280.21
1317.87
1275.56
1292.31
1370.94
1273.4
1259.5
1281.77
1250.46
1393.12
1267.1
1372.51
1333.57
1361.32
1301.5
1389.77
1289.27
1297.27
1349.11
1266.13
1269.09
1413.08
1360.96
1325.31
1342.68
1325.32
1268.93
1303.25
1243.29
1283.06
1266.16
1247.89
1309.41
1234.74
1288.83
25343.3
15604.9
35659
17765.1
31735
40273.7
36364.1
625.952
36062.3
611.88
35688.4
538.089
35578.9
523.526
35242.9
493.847
35631
589.087
35233.1
563.869
35387.6
621.251
35388.7
606.036
35814.4
593.787
35174.3
513.272
36431.6
489.457
35862.5
489.547
35713.8
492.816
28450.2
583.073
491.161
492.605
582.812
589.949
605.856
584.677
28643.2
525.892
516.229
591.001
558.496
600.042
587.353
623.346
33275.8
574.875
548.754
511.067
598.659
600.704
578.883
33561.2
599.611
609.735
614.465
511.007
513.663
581.609
513.733
32486.9
576.949
595.15
614.174
518.584
613.132
592.875
639.072
32505
603.189
573.542
609.965
625.461
568.079
502.217
612.722
32784
503.089
519.587
525.109
511.558
623.285
614.516
592.735
32963.6
503.73
549.185
632.767
596.313
601.736
602.338
565.602
33148.2
569.211
498.748
607.429
483.714
530.602
506.426
520.519
32774.8
518.705
527.967
522.243
608.612
532.907
546.158
602.729
33343.6
598.368
584.847
579.625
586.661
617.051
576.468
601.525
32363.4
560.832
605.154
666.145
615.648
604.072
20805.7
44136.9
3145.2
2313.32
31905.1
12261.5
22137.2
689.498
47909.1
37803
628.117
38684
38913.2
38782.7
38841
38643.6
38477
38849.8
38570.2
38664.3
38708.6
31440.8
664.26
24520.3
590.48
24790.4
571.687
20377.7
676.579
577.911
645.978
680.277
612.952
625.21
702.348
20490
648.373
639.884
562.716
634.01
647.271
542.42
561.814
20396.4
668.981
664.751
686.972
665.613
584.637
652.714
691.002
19998.5
704.763
663.489
695.242
576.037
666.435
660.341
660.28
19187.9
668.911
565.292
626.804
667.888
571.847
569.923
580.788
19131.3
584.837
676.499
671.346
678.773
675.987
686.101
656.462
19459.4
642.319
625.741
658.457
641.998
578.182
668.65
673.06
19322.6
690.661
682.011
676.929
648.625
669.071
663.228
670.174
20064.2
681.21
665.092
674.333
651.822
653.435
671.717
657.404
19895.8
685.058
588.887
586.29
573.681
654.377
591.091
580.888
19974.5
674.674
576.768
582.822
672.388
614.265
646.9
672.769
19661.1
598.289
589.909
582.151
628.227
581.219
30873.4
16287.1
25718.8
36140.1
27054.9
548.344
33290.1
564.61
33602.1
612.46
35073
531.865
34057.2
541.137
33876.3
575.486
19216.5
1373.87
1310.65
1270.96
1277.11
1282.91
1272.05
1289.62
1319.7
1331.65
1351.02
1309.84
1332.47
1304.85
1302.96
1262.51
1292.87
1336.19
1329.25
1357.24
1306.79
1304.4
1267.46
1306.33
1314.22
1306.13
1318.6
1289.12
1318.3
1300.95
1301.66
1363.74
1314.51
1310.4
1396.76
1276.48
1273.44
1351.9
1334.62
1317.3
1317.12
1299.15
1306.54
1298
1295.5
1329.58
1278.99
1273.8
1293.34
1328.96
1298.35
1348.27
1281.79
1306.53
1306.33
1313.42
1275.39
25732.8
24634.7
25013.6
20759.4
27303.8
42819.7
18174.2
11555.5
664.611
35478.8
557.374
34607.5
618.605
34875.2
532.085
34765.1
617.743
31930
1335.05
1322.13
1263.42
1278.87
1273.86
1302.46
1303.86
1301.11
1300.99
1341.08
1235.48
1285.99
1257.67
1340.71
1292.59
1258.36
1289.5
1246.24
1324.58
1323.73
1287.17
1301.4
1301.06
1317.87
1311.49
1255.71
1302.75
1296.53
1302.51
1298.49
1319.81
1283.45
1252.21
1292.75
1280.36
1284.2
1240.47
1281.51
1260.49
33743.1
10474.4
17239.5
25694.1
28176.6
26107.2
26406.5
27155.1
27400.5
25666.5
26084.9
25817.6
26365.9
25646.7
26222.9
26317.2
26548
25885.9
26677.9
28027.4
28543
622.604
26137.4
28248.6
27487.6
513.081
557.043
571.797
578.042
26473.8
602.288
596.765
502.036
726.192
627.916
640.896
535.644
28646.8
866.385
699.933
789.408
774.735
540.124
659.85
688.396
28649.1
648.223
540.605
641.908
534.03
682.723
676.658
535.904
28458.4
682.863
695.762
696.124
645.577
654.367
618.986
653.495
29487.9
660.311
637.077
629.42
741.047
643.873
676.949
550.458
29988.9
631.014
609.224
650.458
652.513
633.308
631.014
635.123
28744.2
561.083
548.513
596.825
560.942
604.833
627.315
663.479
28451
694.781
771.627
605.996
545.446
654.488
650.038
626.132
28229.9
626.053
629.329
630.944
635.524
537.047
628.497
619.287
28965.7
625.862
776.118
578.282
655.089
640.996
641.958
666.866
29081.1
702.098
647.943
649.025
558.376
660.07
644.524
554.868
27872.3
639.353
28974.4
17212.8
24513.9
45110.6
34328.2
577.641
33328.5
582.05
31565.3
531.394
32262.7
510.676
31320.6
467.918
31449.9
601.816
32199.6
535.905
31382.3
506.336
32700.3
651.621
36921.6
599.862
1357.86
1333.1
1335.76
1381.17
1287
1211.9
1295.79
1287.48
1268.71
1291.71
1387.61
1330.86
1319.1
1387.47
1370.35
1347.56
1267.19
1304.95
1334.76
1330.91
1254.53
1261.9
1259.15
1315.32
1221.59
1235.97
1284.58
1316.21
1346
1343.9
1344.7
1328.03
1309.7
1371.71
1349.62
1395.79
1338.76
1411.83
1399.75
1318
1257.1
1320.24
1217.16
1234.32
1268.83
1294
1301.04
1275.57
1245.26
1295.69
1243.27
1249.46
1259.4
1276.56
1270.73
1284.57
1201.59
1264.67
1200.18
1276.53
1257.25
1299.23
1236.73
1292.71
1263.44
1276.18
1274.02
1249.87
1262.17
1354.14
1223.87
1282.47
1347.7
1270.39
1384.01
1315.51
1276.32
1410.86
1364.33
1325.83
1331.34
1384.38
1340.83
1363.04
1367.54
1338.69
1354.55
1379.63
1448.19
32873
18765.5
1660.9
4686.27
12285.9
580.367
36957.3
662.877
37248
655.59
37005.3
579.815
36670.7
551.039
36717.9
665.944
36471.3
564.44
38042.8
701.045
30885.7
1384.32
1447.75
1403.71
1416.68
1355.95
1363.56
1383.57
1361.84
1385.46
1428.9
1357.49
1361.33
1348.46
1401.11
1340.97
1382.47
1351.22
1380.4
1375.21
1329.98
1346.68
1372.73
1378.84
1374.83
1356.91
1361.18
1386.05
1302.39
1355.75
1319.97
1352.19
1349.62
1320.58
1351.14
1350.3
1383.48
1353.07
1397.59
1342.07
1360.58
1411.76
1374.78
1383.09
1396.97
1386.36
1371.37
35288.9
14641.3
8370.69
11616.4
710.858
37658.5
663.248
35855.2
576.518
1404.54
1374
1419.73
1397.21
1346.94
1415.12
1357.35
1382.52
1388.65
1344.38
1367.88
1319.87
1332.56
1365.56
1376.39
25859.1
14701.5
19279.5
32113.4
560.652
35645.1
625.992
34111.8
636.346
34237
627.094
35782.3
625.13
34778
630.914
26155.8
657.435
21424.2
636.997
20898
537.418
20644.7
552.263
21333.3
626.343
20217
525.13
20285.1
614.576
21304.6
619.958
21449.9
575.004
21383.7
559.72
641.457
642.249
663.017
668.55
576.809
667.398
17267.2
628.358
646.78
652.042
563.318
641.278
573.681
659.91
17781.7
588.084
653.034
679.485
651.951
660.101
562.566
639.974
17654.2
572.86
659.519
659.118
656.582
668.54
659.188
571.336
37843.2
15097.8
23877.4
38037.1
37452.1
12473.3
19136.8
696.394
38424.9
674.363
38047.2
662.456
39201.9
560.692
36417.5
647.602
36514.4
672.93
36370.1
565.803
37820.2
558.787
37736.5
578.512
36317.6
572.499
36372.3
659.86
36503.1
568.89
36530.2
571.827
37114.4
556.001
37507.9
671.928
37251.9
634.932
30769.4
534.601
646.308
529.841
600.964
623.206
527.044
608.1
31440.3
655.821
632.888
544.555
620.129
618.034
651.1
32538.3
659.9
654.527
632.126
539.884
614.535
542.48
547.862
31500.3
534.982
548.924
643.783
635.394
610.677
548.844
636.106
31256.7
648.745
636.146
656.924
649.346
655.43
556.051
636.576
30547.6
642.229
643.182
539.573
542.63
642.179
647.521
567.407
30311.2
638.942
660.421
631.424
537.498
634.281
540.364
635.674
30773
607.479
631.454
561.283
655.7
637.619
547.591
641.538
30524.7
649.466
674.904
680.387
660.983
549.896
640.886
618.916
30773.8
535.453
542.219
539.122
604.773
530.602
542.42
630.883
32310.3
545.125
554.117
639.884
562.275
648.393
640.215
648.473
31226.5
638.851
552.933
645.577
640.025
613.874
25936.5
12517.6
22364.1
561.092
37027.5
677.43
33939.5
669.321
34103.4
647.652
33636.4
530.372
20981.3
1286.73
1320.53
1394.98
1306.64
1336.47
1414.15
1362.06
1423.16
1312.29
1369.86
1432.04
1308.9
1416.37
1314.06
1324.52
1300.67
1344.62
1290.59
1355.81
1305.12
1412.49
1302.84
1400.68
1329.97
1380.57
1318.89
1313.92
1300.13
1470.91
1324.13
1385.75
1296.69
1388.94
1338.13
1421.4
1359.44
1417.36
19057.3
10775.9
25254.4
15460.2
25165.1
28118.6
28675.1
26800.9
27455.8
27948.4
28770.9
26484
27151.8
27033.3
28945.3
27516.8
26841.7
25830.2
27441.4
27589.1
27058
26516.5
26824.9
26707.1
26838.2
27025.7
540.074
639.804
543.071
627.485
26594.2
628.258
555.019
781.901
561.383
635.684
551.881
662.948
26636.5
639.212
626.954
540.034
629.63
544.233
636.406
26708.4
819.017
543.773
636.757
533.76
533.118
632.507
621.892
27286.3
531.675
646.519
546.98
642.63
619.407
641.167
633.85
26578.3
550.568
667.087
656.683
553.706
662.967
543.001
645.377
26624.7
546.428
641.397
540.074
651.19
514.235
650.419
537.177
26750.5
635.043
530.452
636.346
633.349
534.591
530.803
627.776
26512.1
535.373
646.088
638.18
529.219
623.566
640.074
543.362
26659.9
624.338
514.786
516.028
631.535
550.508
625.14
530.061
26887
550.859
644.785
552.954
637.278
625.24
668.389
612.12
26600.6
653.496
527.886
660.692
529.961
635.353
580.166
534.131
26792.9
628.096
22866.5
25779.4
26797.8
11739.9
25931.1
564.831
37526
563.508
15751.1
1390.72
1375.13
1451.84
1396.3
1325.43
1319.5
1369.5
1423.3
1366.23
1406.3
1355.11
31290.6
37065
2086.61
20196.1
30750.2
5214.96
2286.24
731.494
13026.1
27867.6
15255.8
15336.3
17302
573.521
31298.8
571.526
33507.8
566.495
34464.2
540.305
34494.5
639.192
34468
531.404
34568.7
550.037
34726.8
684.727
35623.1
559.269
24489.6
1394.68
1290.97
1320.03
1360.82
1380.96
1298.63
1353.38
1291.08
1291.86
1531.58
1314.51
1383.7
1310.18
1346.17
1301.4
1301.26
1312.09
1285.57
1314.81
1302.41
1321.22
1334.04
1319.78
1292.64
1296.19
1333.22
1283.67
1277.05
1346.59
1352.62
1286.47
1273.28
1278.38
1293.77
1292.53
1290.84
1314.5
1353.49
1295.32
1340.47
1283.29
1281.11
1301.56
16067.9
4831.68
9400.92
704.323
30692.9
26601.9
626.824
32495.7
639.573
17224.2
1291.29
1288.62
1359.21
1282.24
1290.36
1238.43
1284.67
1253.32
1332.97
1267.89
1455.42
1356.66
1296.43
1306.08
1299.98
1308.97
1256.89
1288.02
1310.59
1325.82
1312.67
1279.63
1336.89
1236.96
22251.5
18461.7
28583.5
673.602
39862.3
594.169
35956
586.36
35588.2
540.385
35529.9
526.784
35417.4
534.661
36438.8
527.334
35977.6
35363.5
630.563
35638.6
543.442
35953.2
601.937
35571
608.903
35786.2
628.839
30189.8
619.667
22982.5
541.507
23069.1
616.48
19806.5
523.375
628.929
533.198
641.127
529.159
620.149
634.141
19604.2
522.393
623.927
527.996
622.734
529.53
510.626
513.943
20791.2
625.741
550.608
630.001
538.982
616.48
545.738
630.854
20189.9
540.315
541.197
622.575
542.72
629.771
516.099
608.512
20059.5
527.315
632.226
530.412
622.874
644.084
598.849
626.373
20281.6
613.694
633.028
533.198
625.321
520.008
759.279
507.679
20435.1
524.969
514.766
620.159
601.075
604.452
609.123
532.386
20088.1
625.662
618.495
624.238
630.292
605.284
528.267
608.411
20133.9
540.345
525.46
629.429
655.54
676.398
639.002
542.64
20464.5
625.962
623.967
509.564
624.398
622.013
606.347
619.567
20955.3
541.227
599.792
635.073
631.896
553.615
634.15
632.657
19776.6
635.543
641.378
539.793
637.108
531.274
4636.88
30073.5
1707.99
11245.2
4895.24
9861.09
687.483
31578.3
28030
702.838
34831.7
568.711
35110.3
739.714
36000.7
639.523
12417.4
1381.62
1323.78
1361.84
1303.1
1374.65
1357.54
1372.51
1364.83
1347
1408.93
1353.69
1320.1
1290.13
1326.92
1308.83
1286.36
1324.04
1337.96
1332.23
1360.04
1305.51
1303.51
1349.52
1321.53
1340.19
1392.53
1446.59
1368.77
1403.16
1430.27
1458.78
1393.9
1378.1
1362.53
1301.72
1363.01
1329.32
663.648
638.541
601.255
552.493
402.427
56652.5
4730.41
3411.71
2551.22
1799.22
4665.44
9520.86
668.48
34083.1
27844.8
643.884
34341.6
618.896
34355
618.465
34234.2
548.523
34280.2
532.286
1340.7
1335.3
1397.27
1376.35
1390.91
1324.81
1365.07
1310.14
1363.92
1334.86
1362.54
1310.05
1329.32
1345.15
1349.27
1327.25
1328.97
1387.43
1378.98
1349.82
1394.93
1343.64
1391.67
1384.97
1347.92
1445.97
1523.63
1466.93
1420.07
1316.46
1406.22
1335.81
1391.39
1342.21
1438.4
1399.94
1362.8
1446.71
1305.73
1383.73
1311.71
1383.59
1360.25
24072.8
19733.6
19128
34418.3
26805.1
620.58
32918.8
538.07
32730
505.455
32857.5
630.101
32791.9
515.849
33294.9
606.878
33364.4
592.625
33309.6
513.082
33085.5
601.495
32727.3
620.219
32654.8
609.845
32380.8
504.683
32694.8
509.122
32558.2
593.357
32650.7
506.256
519.236
516.61
610.376
623.596
27775.2
527.675
606.257
571.266
532.366
616.32
613.713
28540.8
607.329
605.986
574.374
570.714
531.404
624.689
28488
608.171
599.982
494.048
511.648
495
586.752
29138.6
576.578
557.714
4589.81
26702.5
2974.94
1993.56
528.547
543.853
20961
1344.89
1334.55
1319.31
1272.98
1294.92
1303.58
1293.2
1295.8
1284.03
1283.65
1322.1
1333.83
1284.12
1340.53
1331.68
1317.47
1298.86
1259.31
1289.72
1334.31
1347.96
1309.32
1373.07
1306.23
1276.03
1283.23
1290.8
1284.76
1264.94
1301.4
1294.1
1332.3
1270.93
1281.35
1261.77
1240.15
1258.42
1210.94
1293.47
1298.96
1276.39
1258.92
1279.67
1260.92
1251.91
1233.32
1234.41
1232.01
1259.12
21940.4
21646.4
29683.1
612.782
32853.1
506.797
32810.3
505.404
32637
597.557
26569.2
1326.13
1303.22
1314.82
1280.72
1310.88
1310.2
1309.82
1308.48
1312.06
1363.44
1335.44
1272.92
1276.53
1300.97
1318.36
1311.67
1306.22
1286.95
1302.83
1300.8
1271.51
1329.01
1296.35
1271.55
1269.96
1282.71
1250.5
1315.99
1273.4
1268.07
1272.82
1277.1
1272.2
1262.09
1258.5
1270.39
20963.4
20436.3
23443.4
25262
26700.7
26205.2
26546.6
25915.8
25679.4
26076.2
26841.9
26137.5
26345.7
26038.6
26067.4
25519.6
26119.3
25991.3
25831.7
25980.8
27092.5
34535.9
28930.2
27613.2
497.927
517.452
504.081
515.237
28990.8
512.37
593.527
583.103
585.198
581.319
602.889
579.415
28822.6
579.575
613.293
595.441
564.912
532.246
607.109
647.632
29441.1
580.498
521.882
603.791
604.743
513.002
505.064
629.801
29746.8
592.696
574.313
516.049
512.641
598.038
564.43
521.592
29041.6
602.548
582.863
526.483
528.267
615.237
598.87
598.769
29480.9
504.051
504.883
494.95
588.445
583.755
490.59
594.429
28447.2
581.77
593.657
580.929
537.588
497.075
573.982
585.459
28979
584.457
550.899
480.867
569.552
574.905
538.009
586.3
29706.6
593.046
517.963
605.134
617.001
532.036
593.187
511.588
29112.3
582.452
491.072
599.862
512.58
572.268
605.916
483.705
28831.4
580.808
592.926
579.655
534.13
624.108
567.467
637.419
29009.7
606.717
32991.7
2851.47
2016.09
4692.45
11992.3
619.457
31882.6
562.746
34221.8
640.084
35900.5
629.029
33821.2
608.542
1330.29
1349.95
1360.02
1347.33
1326.38
1332.07
1300.29
1278.27
1300.54
1263.92
1264.76
1272.29
1323.63
1274.99
1284.26
1290.51
1285.54
1277.82
1230.73
1266.95
1310.32
1270.04
1272.78
1259.3
1257.45
1237.94
1297.02
1340.74
1375.72
1367.52
1322.81
1334.69
18140.8
23838.5
653.595
37485.8
34843.4
607.71
33878.6
535.834
33845.8
620.349
17348.1
1305.12
1332.07
1330.31
1311.83
1312.18
1296.9
1281.16
1312.05
1306.08
1345.97
1362.28
1299.03
1287.77
1318.43
1407.73
1382.06
1332.92
1338.35
1419.83
1301.72
1305.89
1264.09
1321.3
1272.37
1287.51
1281.51
1315.13
1281.8
1310.71
1304.38
1274.26
1255.81
1255.89
1282.94
1318.23
1296.35
22414.2
16062.9
23554.1
31805.2
572.829
35277
543.852
34870.8
524.638
34505.8
616.029
34181.4
614.234
33550.1
527.315
33824.1
662.787
34011.9
538.932
33320.8
623.105
32861.4
590.31
32915.9
527.275
32812.5
536.255
32866.9
538.561
33037.1
627.766
33049.8
555.941
33202.2
537.588
625.01
622.514
535.674
613.433
622.414
625.561
26827.1
531.154
535.444
640.385
611.478
524.689
526.843
627.575
26783
539.904
634.561
627.956
634.953
652.353
633.87
572.92
26424.6
513.543
609.734
630.562
518.815
527.585
610.466
608.672
27932
635.494
513.954
500.964
603.109
600.864
513.673
587.854
27023.7
624.157
632.367
629.61
543.462
556.522
623.767
639.883
26633.3
551.491
551.601
625.29
617.342
563.889
514.134
511.228
609.123
1297.42
1308.88
1278.19
1293.44
1282.1
1255.62
1312.57
1309.12
1271.86
1292.38
1285.31
1331.23
1342.61
1277.59
1295.63
1337.05
1307.35
1296.78
1303.8
1288.76
1341.47
1305.37
1323.02
1309.23
1312.19
1323.96
1309.29
1249.62
1292.72
1354.47
1279.42
1339.45
1304.34
1308.26
1276.59
1322.19
1299.49
1313.83
1273.72
1266.9
1277.75
1294.24
1281.17
1262
1324.97
1311.69
1251.67
1290.59
1259.42
1262.48
1296.14
1286.7
1256.61
1280.69
1321.04
1285.47
1255.78
1256.98
1290.16
1284.91
1286.95
1257.29
1280.96
1283.91
1265.31
1252.93
1252.42
1249.34
1299.8
1298.53
1292.96
1258.62
1293.44
1330.86
1311.07
1266.27
1255.09
1241.32
1216.42
1295.45
1270.59
1273.64
1247.55
1256.27
1248.39
1272.55
1278.12
1264.03
1298.25
1282.67
1494.37
1358.15
1304.93
1273.79
1296.35
1275.87
1294.12
1309.81
1293.89
1284.84
1283.86
1282.46
1258.3
1257.39
1282.35
1286.61
1241.6
1298.21
1268.08
1349.46
1299.49
1303.88
1320.96
1302.02
1313.57
1314.94
1316.22
1305.19
1302.09
1302.49
17400.6
16683.4
23581.7
556.542
94872.6
35148.2
35289.4
36281.3
517.322
35702.2
507.018
35228.4
567.156
35289.6
617.964
35192.1
578.833
35287.5
513.202
35465.9
610.607
35262.2
604.572
35081.1
539.041
36062
494.64
36169.9
594.63
36383.5
603.811
30983.8
514.766
663.87
612.932
614.816
590.881
557.574
577.621
30032.2
503.871
529.479
625.752
601.997
557.294
502.949
510.145
29280
507.78
613.533
599.2
537.027
533.259
629.209
616.029
29191.3
507.98
591.472
598.74
590.14
540.395
506.668
500.643
29721.2
517.762
517.161
611.518
607.861
526.262
613.022
573.651
30792.2
510.445
618.886
596.804
510.265
512.09
596.314
585.458
30346.4
514.826
596.624
591.282
491.842
625.281
592.956
496.634
29550.2
527.324
614.115
554.016
526.843
608.662
622.214
563.799
29227.6
607.459
650.308
602.638
507.168
509.433
530.602
623.176
29190.1
522.123
619.668
611.799
607.239
568.94
505.384
509.654
29394.8
515.808
509.845
507.599
608.362
597.637
621.17
517.462
29362
614.826
620.259
591.543
514.064
517.762
27034.7
45444.6
