558.105
642.279
895.713
689.669
932.929
4289.15
2822.34
2150.98
1763.75
10172.2
31420.3
40390.5
1413.42
1504.14
1371.66
1446.46
992.967
551.29
4912.57
12349.4
35918.2
39144.7
1444.74
1479.74
1394.95
1435.33
1434.24
14341.9
39410.2
34480.9
35378.9
35028.1
35070.5
34626.1
34701.4
554.046
32823.9
571.847
32928.3
532.416
34043
33253.5
33466.4
32883.5
32678.2
34491.6
525.812
34641.1
506.778
513.282
539.262
593.678
490.339
499.2
557.384
26031.1
565.021
540.013
488.265
517.382
533.408
507.799
536.956
26172.5
548.132
558.597
573.521
546.299
537.528
509.955
532.937
25898.9
495.201
548.544
538.39
523.306
571.987
485.147
481.269
25960.5
513.813
583.574
564.42
495.541
523.636
489.938
482.04
25822.2
549.686
547.622
480.707
487.944
557.424
566.935
479.434
26116.6
532.597
552.583
539.362
545.707
474.794
504.673
501.044
25906.3
477.469
485.157
554.698
512.47
499.17
511.679
545.256
26082.6
567.006
549.566
488.986
498.408
484.125
568.309
546.158
25829.7
484.376
539.423
485.107
506.948
553.976
506.326
487.894
25788.7
544.184
509.072
499.44
562.115
495.161
597.386
496.043
25999.7
552.072
484.285
536.175
555.76
534.561
601.636
492.685
26193.6
548.253
502.067
497.045
538.169
507.649
501.324
522.474
26049.8
488.696
483.724
479.364
484.907
552.442
539.412
477.088
25904.5
536.044
503.8
499.891
595.833
567.226
494.86
490.52
25818.2
528.246
529.489
530.362
465.212
531.665
485.318
508.361
25754.9
547.581
577.4
469.321
545.737
574.804
546.028
483.975
26090.7
517.201
584.928
475.586
501.325
507.84
555.61
525.58
25900.2
506.998
552.012
548.493
491.472
475.765
530.392
519.938
26007.7
485.909
464.63
578.472
548.664
462.656
505.424
525.941
25906.6
548.503
564.65
510.606
495.411
494.669
533.79
562.004
26114.9
549.335
561.463
481.589
544.835
527.986
478.883
483.473
26318.3
499.772
483.775
561.403
547.992
548.914
484.637
515.577
25822.3
569.672
523.456
485.088
533.369
489.488
491.943
500.262
25501.4
528.417
549.917
559.88
539.151
545.075
488.445
499.651
25105.5
516.67
519.266
484.546
474.653
565.643
495.031
484.195
24875.1
545.386
561.734
513.052
486.12
560.01
532.878
516.229
24965.2
499.891
524.468
595.932
536.726
585.358
482.642
519.818
25022.7
486.43
501.686
496.844
515.517
497.646
524.558
498.579
26161
543.061
543.743
520.71
548.574
513.743
505.986
562.495
25960
503.4
471.826
485.729
490.38
493.698
479.786
479.915
25293.3
473.922
482.692
542.049
582.221
464.079
541.638
538.831
25772.5
514.736
503.82
551.199
497.125
566.335
525.761
497.676
24561.2
564.861
507.709
557.083
559.469
476.537
504.342
479.003
25554.1
530.882
510.455
494.67
477.811
506.045
501.285
478.071
26285
571.757
573.14
513.012
565.242
567.287
513.714
558.647
26346.5
492.655
479.755
485.929
592.655
511.619
485.889
530.632
26904.6
538.36
523.235
597.526
485.107
603.65
521.381
488.967
25586
484.977
516.489
570.744
587.433
598.548
667.348
537.578
25131.5
583.895
635.924
605.204
592.064
566.385
597.315
493.397
25143.8
567.527
494.559
555.048
593.467
584.637
602.658
511.298
25225.2
510.255
512.911
539.784
555.84
599.16
503.23
502.347
25172.5
513.062
562.616
595.702
590.169
618.725
574.814
508.681
25096.5
489.087
492.113
508.903
527.736
500.273
495.371
504.131
24930
535.784
564.139
485.799
541.688
569.442
477.3
553.154
25060.6
588.365
498.93
484.065
637.338
510.085
495.071
504.462
24950.5
476.437
589.769
582.17
481.118
467.206
479.394
480.627
24814.9
555.189
611.088
545.446
479.575
576.087
494.358
482.631
25267.8
610.596
644.595
606.577
540.666
589.158
505.023
578.302
26675.6
535.253
566.806
561.714
612.05
489.297
570.634
494.77
26441.3
577.51
497.726
590.089
579.535
567.929
568.589
550.287
25795.9
468.319
579.164
503.79
474.052
573.08
584.807
488.225
26561
497.987
504.793
487.753
518.835
515.006
497.656
567.747
26142
559.158
575.836
583.905
568.208
567.698
575.325
515.538
25986
529.7
549.125
658.728
594.74
598.329
590.58
478.372
26018.9
475.275
578.182
570.754
593.658
595.161
586.972
485.889
25978.9
477.35
490.089
588.456
597.596
591.533
585.088
525.28
26014.9
559.118
578.583
520.399
625.791
516.65
501.154
508.361
26101.9
500.663
495.391
490.37
493.867
506.907
493.006
475.094
26057.2
559.779
603.43
478.292
495.471
556.451
557.715
477.42
25947.4
570.113
550.859
555.83
577.601
599.361
591.793
591.252
24379.4
573.38
600.022
482.531
520.659
515.097
476.347
1263.89
1285.43
1368.15
1304.05
1266.21
1269.09
1262.22
1274.74
1245.54
1293.4
1313.72
1275.72
1324.99
1292.23
1251.78
1287.92
1250.46
1281.5
1275.18
1307.6
1294.76
1315.38
1326.67
1324.47
1260.64
1304.45
1265.22
1280.55
1216.06
1369.57
1298.82
1395.48
1248.22
1332.67
1282.13
1407.62
1364.59
1340.21
1424.35
1386.7
1376.2
1269.69
1327.3
1349.28
1339.49
1357.19
1388.24
1385.79
825.04
678.012
1252.53
1096.6
583.795
1148.07
713.794
907.009
972.84
3890.32
729.921
1354.53
4436.81
493.728
23657.6
25799.2
26065.3
26285.2
25034.2
25361.9
25903.3
25914
25575
26429.3
26033
25899
25774.7
25352.1
24552.2
25244
26591.5
26635.2
25701.1
27122.7
28464.5
490.059
521.751
483.053
600.744
25709.4
575.505
626.924
27844.9
480.918
504.533
562.215
28708.2
479.574
502.838
609.494
649.717
617.182
621.271
567.488
29168.9
510.696
491.753
579.886
575.525
494.719
496.754
490.65
28380.2
594.049
587.143
585.95
480.186
493.868
555.169
607.248
26538.7
613.392
578.111
524.889
484.997
510.256
533.248
491.973
26485.8
499.441
536.225
520.839
556.481
576.859
538.29
604.292
26500
563.629
527.676
485.869
486.351
472.849
498.779
505.515
25567.3
542.118
546.428
534.762
570.384
601.926
481.198
570.163
25808.2
601.185
590.019
596.053
561.964
484.746
486.09
552.052
26126.4
578.363
584.506
588.987
604.803
582.652
588.525
495.812
25751.8
499.581
894.42
2002.11
1956.44
1807.17
1882.84
1965.3
1802.23
1906.42
1819.49
1920.93
1851.19
1913.08
1868.85
1964.37
1859.32
1888.08
1784.22
1801.02
1804.54
1915.29
1976.15
4205.05
2003.84
2793.41
1850.49
4217.78
2052.11
4018.01
2022.84
1882.63
1854.41
1989.63
1971.65
1929.89
1855.06
1772.47
1884.72
1867.36
1845.09
1849.92
1918.71
1987.19
1836.27
1866.8
1886.59
1935.17
1934.81
1869.34
1826.38
1776.33
1731.83
1848.55
1805.86
1723.7
1812.87
1866.64
7032.76
2225.14
1761.19
1840.16
1685
733.52
911.72
59861
10878.6
6549.38
5794.11
5204.48
4136.64
3117.86
1347.96
417.001
12220.7
4493.1
4584.41
30267
2061.82
65090.9
6996.38
6228.28
5649.14
4896.35
3723.06
2394.47
4835.47
6301.8
9808.52
26584.4
26005.5
27812.5
26368
27752.4
27206.3
26790.8
27253.1
26255.5
27606
25548
27982.8
26064.5
28143.7
12680.1
1187.53
1268.42
1276.21
1271.12
1286.84
1303.56
1223.76
1190.58
1220.45
1251.6
1212.16
1170.96
1217.23
1280.5
1222.31
1241.08
1225.47
1150.74
1226.84
1296.1
1282.52
1241.11
1266.51
1266.01
1288.7
1226.35
1225.62
1292.92
1179.68
1251.08
1226.68
1216.99
1207.64
1206.14
1246.86
1193.15
1202.55
1178.47
1192.91
1241.46
1232.13
1246.69
1234.08
1232.96
1209.85
1199.31
1225.55
1201.91
1184.51
1234.03
1230.75
1218.64
1215.1
1214.38
1250.05
1254.16
1214.82
1263.95
1188.56
1268.88
1221.36
1210.76
1267.67
1238.15
1219.23
1262.23
1270.72
1279.47
1201.44
1301.12
1162.68
1219.85
1250.33
1278.4
1219.82
1214.23
1239.49
1276.91
4607.97
499.551
31022.5
642.179
1313.8
1322.56
1322.31
1339.12
1262.08
1217.37
1256.21
1324.2
1298.89
1259.64
1290.31
1252.46
1280.47
1269.84
1236.04
1349.02
1326.92
1285.51
1353.31
1313.59
1229.69
1314.44
1265.74
1222.17
1268.3
1353.14
1336.39
1310.19
1240.79
1218.84
1183.87
1273.75
1271.76
1239.31
1339.16
1266.65
1286.09
1249.17
1307.23
1204.61
1245.1
1275.71
1286.75
1244.84
1339.24
1311.8
1300.79
1277.25
1304.39
1315.78
1292.46
1378.2
1413.96
1320.07
1282.94
1334.87
1284.7
1252.02
1341.01
1266.96
4657.76
9014.35
602.017
32120.8
518.064
31764.5
578.352
31484.2
622.364
32649.3
632.146
32370.2
503.27
32367.5
553.915
32124.5
477.911
33083.2
622.664
31690.7
586.401
30944.1
581.61
30649.8
491.301
30788.1
576.709
1336.24
1332.58
1370.88
1371.58
1353.23
1395.91
1397.05
1387.44
1357.53
1386.79
1460.49
1498.01
1427.83
1415.01
1391.87
1419.85
1390.78
1367.76
1382.97
1431.69
1413.94
1441.04
1387.07
1359.59
1392.64
1381.52
1377.59
1455.54
1399.54
1440.89
1349.58
1437.91
1406.24
1416.55
1361.16
1435.28
1326.34
1335.13
1349.91
1376.03
1424.74
1386.78
1255.15
1249.72
1205.15
1269.13
1229.71
1298.27
1305.85
1289.07
1223.74
1304.06
1343.59
1267.13
1226.41
1258.56
1243.16
1241.34
1372.89
1309.09
1253.68
1271.39
1275.24
1209.83
1234.39
1296.37
1264.25
1276.13
1299.15
1301.07
1327.65
1333.89
1310.35
1322.75
1321.72
1255.65
1253.32
1300.32
1283.32
1246.02
1269.23
1270.94
1230.54
1323.98
1283.43
1256.13
1249.51
1283.63
1271.79
1266.54
1286.86
1319.24
1224.99
4512.19
13179.4
511.218
34906.7
585.398
32784.8
503.159
30744.2
580.426
30924.3
505.604
31123.1
490.921
30737
601.756
1236.88
1240.06
1265.65
1251.41
1268.15
1270.22
1261.8
1198.62
1246.65
1250.41
1228.47
1215.25
1232.34
1269.86
1269.77
1228.09
1228.9
1234.91
1249.75
1243.58
1216.29
1248.43
1273.06
1255.07
1235.72
1257.66
1249.14
1225.72
1218.89
1273.4
1211.45
1212.9
1240.65
1248.88
1247.14
1222.26
1241.82
1240.3
1237.41
1266.62
1277.53
1213.66
1236.44
1199.4
1192.55
1246.3
942.441
978.484
4682.59
11306.5
618.183
38877.7
33441.6
528.026
32768.7
551.069
30980.7
577.991
31069.2
485.178
32648.6
487.212
33212.8
566.124
30964.3
497.727
30725.7
557.594
32448.3
480.146
31487.9
567.657
31294.1
505.514
32398.2
599.651
32973.6
563.608
32762.9
541.317
26425.1
472.338
504.833
504.192
501.014
590.189
578.754
561.814
25016.8
491.322
493.547
494.299
503.54
552.592
560.842
24999.7
592.274
488.947
489.868
584.125
546.7
492.915
24991.1
594.91
496.023
572.358
565.562
529.159
475.495
494.67
25215
551.401
472.729
476.317
471.546
511.939
583.664
570.313
497.707
1365.93
1298.43
1325.63
1396.87
1303.36
1343.33
1311.62
1306.76
1342.86
1326.35
1300.81
1309.82
1381.67
1412.74
1320.74
1305.06
1312.82
1299.77
1308.25
1302.35
1350.02
1466.97
1347.98
1333.07
1265.71
1363.58
1315.58
1325.99
1350.52
1380.62
1442.52
1328.1
1272.65
1323.57
1279.07
1298.15
1322.57
1225.74
1240.81
1294.08
1239.79
1276.02
1284.41
1251.68
1292.13
1327.66
1248.08
1264.61
1229.82
1294.45
1291.65
1220.46
1203.25
1276.42
1248.39
1265.12
1235.73
1256.36
1310.61
1253.14
1260.61
1229.25
1212.69
1240.78
1271.2
1332.91
1273.94
1239.89
1286.36
1269.64
1274.31
1305.41
1256.6
1208.2
1251.08
1299.05
1325.95
1285.31
1258.89
1338.74
1289.55
1234.78
1347.92
1289.44
1279.06
1262.04
1308.9
1256.5
1287.71
1253.29
1259.51
1221.71
1249.4
1278.06
1253.71
1289.88
1236.1
1293.64
1260.61
1258.15
1267.61
1244.42
1241.88
1222.88
1252.66
1210.04
1268.92
1266.73
1297
1344.07
1287.03
1237.78
1296.1
1255.67
1184.71
1219.04
1269
1233.15
1249.56
1218.22
4326.15
743.763
4498.3
11984
522.112
31761.6
566.455
32939.5
486.531
31491.8
592.765
34753.6
580.697
32470
593.297
32475.8
551.47
21247.2
568.299
20184.3
567.938
18052.9
583.955
19016.7
576.287
18159.3
594.61
20181.9
573.44
18205.2
529.92
18945.6
562.686
18099
507.86
16468.9
529.78
478.282
553.585
465.593
510.726
543.462
475.785
16485.8
498.048
502.498
480.557
595.251
609.654
591.292
577.841
15449
521.281
591.743
481.87
543.743
564.751
587.183
586.271
15551.6
578.593
588.345
586.33
593.286
508.361
477.29
965.875
4706.81
12515.5
507.879
36676.7
602.879
32566
495.702
28035.2
1316.33
1290.19
1266.13
1253.96
1281.58
1280.14
1296.21
1286.59
1239.64
1245.37
1251.36
1257.39
1289.13
1247.69
1323.62
1298.2
1266.5
1342.9
1276.94
1256.19
1292.35
1243.8
1260.18
1728.88
12492.5
649.275
9385.15
1472.73
820.851
4255.03
2416.96
4429.62
11236.7
527.185
33539.9
526.894
34722.7
563.057
35627.8
491.893
35598.1
34156.2
481.56
33886.4
476.477
35616.7
508.541
33920.4
481.318
34011.4
489.146
33569.3
471.677
34901.8
601.505
34042.3
567.808
34979.8
508.621
34672.2
474.302
35988.5
472.217
29338.2
604.582
486.24
482.321
482.632
468.95
469.171
477.139
29288.7
525.721
513.533
595.061
497.767
528.026
27691.5
480.697
566.324
562.435
476.007
476.427
480.166
28112.8
538.37
628.288
470.724
489.829
481.489
551.951
580.587
27689.1
565.202
472.95
511.939
549.025
484.226
563.037
628.498
27830.3
560.411
569.782
540.485
529.119
478.953
563.819
560.241
27843.1
625.701
589.247
624.95
585.137
579.205
591.913
476.207
28069.9
495.822
487.914
481.429
477.319
639.242
611.639
628.197
15567.4
572.037
548.013
568.369
591.643
1257.52
1271.69
1221.92
1223.21
1230.36
1218.14
1224.6
1168.98
1259.31
1256.12
1149.99
1167.31
1149.61
1157.24
1190.8
1158.35
1213.83
1308.74
1187.24
1177.48
1268.45
1233.92
1239.39
1209.72
1178.92
572.779
519.897
37822.2
523.977
32359.1
584.295
31634.7
500.783
32282.4
481.439
30488
507.8
32208.9
623.316
31632
619.557
32404.3
477.379
27685.6
493.768
538.851
533.479
519.216
525.31
506.386
1315.48
1312.8
1240.22
1343.21
1271.41
1247.86
1325.33
1327.41
1288.84
1293.39
1248.3
1307.39
1283.94
1297.15
1325.44
1370.53
1320.68
1296
1344.35
1293.41
1291.16
1338.09
1327.86
1334.08
1328.31
1366.99
1347.4
1305.04
1228.39
1275.9
1260.1
1304.56
1320.58
1271.27
1436.64
1262.19
1179.99
1207.55
1282.77
1312.41
1259.16
1306.43
1247.13
1257.18
1239.32
1251.24
1312.12
1273.75
1243.44
1252.66
1263.03
1266.4
1274.85
1226.68
1311.61
1271.56
1252.64
1253.18
1252.79
1266.33
1280.14
1269.13
1315.94
1257.52
1246.83
1338.89
1220.7
1333.11
1286.8
1201.59
1316.43
1269.18
1239.61
1315.75
1220.24
1200.55
1302.9
1285.42
1285.7
1273.07
1248.06
1262.11
1261.54
1235.36
1220.47
1212.38
1312.55
1320.57
1213.86
1311.07
1258.52
1229.94
1263.55
1275.93
1245.56
1286.13
1235.12
1289.21
1241.38
1250.51
1275.51
1269.04
1289.19
1271.44
1251.91
1278.77
1264.66
1285.53
1309.37
1275.85
1277.66
1239.81
1245.54
1317.04
1269.79
1202.87
1235.38
1238.05
1271
1275.93
15973.3
590.089
6399.65
18328.1
2197.59
664.681
12354.8
12366.4
594.269
37966.1
518.976
33689.6
489.177
33115.6
480.597
35259.5
482.902
33114.4
605.534
32935.4
493.848
33094.5
497.836
35409.4
537.588
33169.1
482.15
32834.4
564.77
32544
470.343
31319.4
581.139
32116.2
497.907
31278.2
563.779
31693.1
482.853
25159
521.201
477.038
600.924
570.804
489.006
544.024
552.332
25847.2
565.573
572.178
613.713
496.915
522.303
568.77
503.951
25360.3
504.151
580.547
479.254
573.902
546.649
517.873
25378.5
492.224
591.823
538.671
544.965
484.937
490.75
590.009
25797.4
520.088
559.439
617.953
611.348
532.176
496.624
576.819
26691.2
587.313
481.92
517.482
492.685
595.983
499.731
502.137
26207.7
506.006
580.998
584.276
587.613
506.447
511.298
631.535
25218.9
601.555
643.643
485.749
584.606
492.173
585.368
550.167
25350.4
600.072
644.865
500.352
491.372
537.358
574.423
501.536
25481.6
559.549
569.001
627.936
541.828
516.76
479.985
545.166
25274.9
595.802
536.325
577.561
510.345
576.528
626.443
543.793
26663.8
511.588
542.95
524.187
511.488
617.863
499.611
546.248
27051.7
514.575
616.7
514.625
553.455
593.667
601.415
579.244
26854.3
550.518
586.14
624.94
620.329
515.267
501.385
519.997
26609
651.621
531.655
538.601
600.644
554.928
643.111
523.767
26271.8
617.342
627.575
513.673
599.932
528.136
549.656
599.331
25754.7
538.781
609.785
619.316
518.444
631.945
603.49
575.135
25927.9
609.785
498.087
499.37
483.283
591.412
533.298
535.493
25803.4
632.316
663.528
582.732
588.906
494.108
549.927
564.29
26727.5
516.821
524.668
612.901
594.178
554.908
624.709
482.23
27994.7
596.033
589.648
551.65
620.73
515.297
608.391
509.383
26220
493.507
470.043
478.211
575.576
475.495
598.378
571.055
25392
582.512
495.381
501.365
541.216
601.806
510.216
553.304
25499
607.029
492.194
499.741
561.984
485.929
478.743
480.377
25531.8
534.551
487.533
558.997
549.075
590.601
658.998
545.106
25008.7
604.933
600.804
499.671
566.525
567.126
493.506
583.515
25176.5
489.608
568.089
532.005
567.156
592.134
547.642
502.247
25082.3
577.259
575.075
484.005
515.177
546.318
568.57
501.044
25759.1
602.608
564.901
545.607
575.886
592.344
508.963
521.19
25882.9
502.107
589.999
574.543
487.633
564.049
472.048
477.64
25765.9
485.267
522.544
480.857
509.494
539.272
485.067
569.642
26293.8
498.779
589.859
544.373
595.06
628.989
497.456
606.277
25529.4
511.548
526.764
581.379
615.749
605.445
511.458
607.499
521.782
1412.67
1327.92
1450.76
1369.83
1305.65
1287.92
1387.85
1284.67
1367.71
1319.91
1463.02
1262.34
1442.34
1326.36
1296.19
1324.28
1309.8
1229.05
1352.41
1372.72
1301.18
1323.52
1266.8
1303.89
1277.61
1408.88
1293.58
1322.54
1281.29
1354.08
1277.9
1351.56
1349.9
1276.39
1406.47
1315.35
1271.93
1327.28
1252.43
1404.15
1331.69
1281.43
1347.45
1213.62
1255.28
1342.83
1227.24
1386.83
1346.05
1357.9
1460.98
1344.09
1188.55
1243.73
1250.69
1324.32
1328.35
1269.04
1394.14
1295.63
1293.74
1379.62
1213.83
1363.83
1381.72
1302.25
1357.02
1305.63
1237.96
1297.85
1256.37
1334.51
1319.05
1278.35
1377.26
1264.34
1277.82
1312.35
1264.91
1349.29
1254.7
1256.29
1354.59
1251.05
1257.18
1265.55
1308.2
1433.48
1258.4
1269.06
1359.12
1332.6
1271.65
1269.11
1267.6
1366.01
1297.92
1230.68
1413.31
1295.87
1257.38
1224.74
1305.76
1335.81
1298.05
1251.13
1383.44
1260
1273.7
1252.4
1304.16
1427.62
1309.45
1272.38
1422.23
1265.23
1245.19
1267.43
1326.36
762.386
4322.58
11391.3
573.25
31540.7
491.853
10625.9
1320.26
1232.97
1241.37
1225.43
1209.91
1273.33
1244.89
1289.06
1261.13
1311.42
2530.71
4297.96
612.921
29669.4
497.977
32260.3
613.453
31887.6
616.44
31040.3
577.771
30972.6
542.319
32090.5
569.632
31450.1
601.486
31249.9
484.857
32259.3
583.063
32919.8
569.201
32795.1
479.053
32665.3
565.322
32859.6
484.886
32845.8
617.773
32897.1
484.296
32915.4
491.762
610.676
595.842
491.953
499.621
477.289
26773.1
592.014
482.03
502.889
489.066
489.939
575.696
534.892
26450.7
483.925
562.195
482.08
511.558
580.958
533.138
25347
471.235
568.269
485.198
486.541
565.843
598.508
542.63
25151.1
512.34
586.231
478.513
513.423
560.491
583.253
645.166
25242.4
501.866
475.476
552.883
562.796
525.761
496.053
496.755
25307.2
487.704
491.191
483.744
566.765
568.981
561.073
523.987
25765.2
580.747
639.122
602.357
539.503
592.886
575.546
588.596
26043.7
487.193
484.435
479.535
629.791
567.057
568.218
520.198
25624.8
536.856
584.125
553.494
496.945
490.37
479.866
506.797
25428.3
589.117
593.347
514.415
572.309
565.994
573.772
511.799
25579.4
483.905
495.051
524.829
588.897
485.698
558.577
604.052
25552.9
602.006
588.817
587.393
477.69
504.111
478.131
598.84
24955.5
573.852
591.512
514.705
554.638
490.961
486.43
535.974
25025.3
491.242
497.766
608.241
627.776
523.927
507.79
542.93
26429.4
481.93
559.368
476.939
481.228
573.902
510.947
474.884
25390.7
489.918
496.784
478.823
497.837
606.136
507.078
484.376
26134.9
516.821
534.22
565.813
556.061
568.73
570.645
636.737
25098.3
600.673
629.67
568.9
582.15
589.468
604.352
580.848
25028.9
534.711
477.941
482.802
517.813
625.15
479.936
507.759
25242.2
592.525
492.264
494.278
491.282
531.845
635.864
585.609
25207.5
562.777
485.237
485.358
571.015
480.987
548.403
575.716
25168.8
594.349
567.036
511.027
528.898
611.919
606.778
587.263
24952.6
477.199
575.676
599.671
583.174
579.275
617.291
534.591
25322.2
521.491
505.484
493.897
525.811
510.837
597.817
518.825
24650
492.795
508.501
537.257
544.304
509.804
563.037
607.9
24818.4
568.52
482.953
528.217
512.721
491.492
598.669
529.77
25668.5
486.581
553.896
599.571
536.977
635.695
472.728
622.884
26487
619.126
535.915
524.417
603.259
513.071
570.564
494.449
26446.9
601.847
537.458
585.248
481.058
485.418
623.245
541.757
26542.4
542.76
550.107
560.331
560.892
561.483
497.004
514.806
24907
513.954
526.012
612.19
619.026
601.596
601.345
502.899
25347.1
565.202
581.941
573.962
578.052
589.919
492.103
502.979
25242.5
563.137
603.059
488.665
487.402
496.433
587.524
578.222
25007.3
516.329
525.811
574.603
583.043
537.237
624.699
573.491
15023.8
602.508
566.415
593.737
601.105
1323.73
1334.03
1250.61
1360.1
1229.96
1334.4
1350.59
1416.86
1327.81
1375.4
1339.75
1405.52
1363.48
1273.18
1268.12
1289.89
1252.33
1270.9
1317.59
1368.24
1270.52
1259.55
1282.1
1335.29
1260.5
1287.77
1230.37
1331.6
1260.61
1273
1261.03
1300.89
1304.47
1352.82
1284.81
1399.05
1224.97
1263.84
1244.31
1222.3
1268.04
1282.88
1354.37
1288.5
1220.06
1294.66
1263.7
1244.06
1271.62
1299.85
1326.93
1247.99
1245.55
1283.35
1249.37
1265.56
1228.66
1274.64
1341.72
1177.23
1324.25
1290.47
1294.6
1266.11
1259.8
1275.19
1323.94
1249.56
1311.36
1264.11
1274.38
1235.61
1267.55
1299.67
1333.87
1267.58
1257.54
1299.95
1254.94
1241.76
1263.19
1321.04
1346.72
1248.99
1247.05
1228.94
1379.47
1311.21
1240.53
1253.8
1372.44
1271.97
1330.47
1330.06
1297.77
1257.55
1259.73
1298.59
1351.8
1303.09
1225.02
1244.81
1215.32
1233.55
1242.78
1242.34
1287.46
1287.49
1271.19
1231.19
1283.28
1243.9
1230.24
1320.65
1385.9
1274.03
1285.04
1304.69
1258.68
987.605
22472.7
21296.6
4486.24
9071.65
604.913
28379.3
594.228
31648.7
491.402
32304
586.591
32423
609.293
30539.6
472.278
32126.9
569.171
33106.1
573.761
31880.8
480.306
31526.1
495.411
31347.2
566.435
32776.2
622.002
25601.2
1225.36
1276.41
1273.53
1300.4
1239.61
1244.2
1218.68
1243.95
1223.84
1232.63
1196.71
1359.02
1186.03
1236.18
1255.9
1273
1287.38
1235.04
1296.51
1217.11
1276.31
1284.25
1249.28
1257.18
1228.21
1210.36
1207.94
1253.5
1240.53
1243.48
1190.53
1236.13
1245.23
1267.51
1183.74
1258.61
1363.92
1215.6
20335.4
30978.1
16581.5
22070.8
45344.6
32704.4
579.425
32808
609.694
32533.5
493.957
32421.4
603.139
1293.67
1290.07
1311.37
1251.32
1277.06
1254.41
1304.95
1296.27
1300.88
1259.29
1251.93
1362.6
1300.63
1350.44
1338.87
1309.51
1293.43
1295.26
1355.38
1364.86
1239.36
1251.15
1212.26
1176.74
1277.44
1223.03
1247
1315.8
1227.54
1292.44
1307.4
1317.8
1296.2
1286.71
1310.9
1324.14
1344.82
1283.33
1298.9
17112.5
26127.4
14569.9
12683.1
17455.2
555.63
39175.6
33332.8
485.449
33778.8
592.024
32869.9
570.554
34530.7
534.912
32946
568.259
34441.5
574.684
32793.4
576.097
33552.2
583.965
32946.6
494.469
34069.9
534.1
33158.4
480.827
34648.5
457.824
35624.7
522.664
34184.4
564.771
28232
561.494
586.812
571.537
493.897
531.575
589.718
525.019
29551.4
573.571
582.472
476.056
481.148
500.442
468.188
507.158
28312.1
477.81
503.119
484.897
479.835
590.009
596.655
487.263
28185.2
552.012
562.205
484.746
503.039
464.651
479.755
474.553
29184
495.541
526.002
465.221
571.817
518.846
588.445
566.585
27883.7
488.886
494.499
495.29
493.487
478.923
568.709
467.687
27799.2
509.473
491.743
503.299
502.437
486.14
514.796
481.189
27864.2
496.383
483.695
494.86
503.851
491.181
495.12
503.38
28148
499.962
504.282
488.545
508.832
476.968
501.214
494.309
29352.5
479.985
573.721
632.887
529.51
526.833
533.719
549.536
28357
482.652
510.726
500.202
477.52
470.835
562.746
487.152
28471.8
567.377
473.721
498.037
665.152
635.714
16647.5
25537.4
74627.1
5086.84
7002.85
5942.06
5233.76
4590.21
3882.25
3259.95
2572.17
1868.96
5155.7
19795.4
11631.7
14434.1
618.494
34134.9
25016.3
508.912
30846.1
499.039
26453
1294.32
1276.21
1322.69
1282.27
1272.79
1265.3
1255.18
1294.35
1247.69
1252.7
1263.18
1236.53
1232.17
1241.35
1202.18
1257.15
1239.23
1236.39
1265.03
1255.93
1325.16
1260
1231.17
1302.39
1297.12
1253.12
1225.12
40236.3
27907.3
16774.7
30561.4
36514
489.357
34698.1
561.073
34760.8
493.216
34736.3
592.234
35799.9
34844.2
606.187
34523.3
589.167
34820.2
705.625
35740.7
670.765
34159.3
560.1
34319
597.186
35406.7
632.276
34649.5
573.521
33005.4
1423.22
1349.09
1376.82
1473.35
1333.91
1428.04
1408.31
1380.75
1358.35
1348.46
1504.23
1368.87
1339.38
1330.39
1394.39
1335.07
1380.45
1360.31
1490.07
1348.92
1352.67
1363.34
1353.6
1335.43
1388.49
1346.3
1457.73
1349.49
1407.85
1424.15
1339.45
1364.42
1379.55
1523.24
1414.9
1303.93
1362.31
1347.51
1345.93
1304.69
1320.51
1571.54
1336.17
1315.07
1380.78
1442.69
1293.97
1282.15
1449.09
1367.51
1387.23
1314.49
1301.93
1321.34
1337.28
1320.21
1503.96
1319.57
1312.45
1294.1
1305.1
1340.8
1356.73
1439.29
1394.4
1285.42
1320.24
1327.02
1311.34
1340.45
1377.68
1483.34
1358.59
1345.23
1311.19
1347.01
1334.61
1338.51
1471.68
1432.53
1395.79
1350.84
1344.3
1333.35
1388.67
1363.6
1463.07
1393.68
1375.6
1375.68
1375.5
1334.68
1307.02
1442.62
1446.72
1314.57
1378.21
1385.73
1316.76
1276.63
1436.11
1419.06
1305.37
1390.54
1366.6
1323.43
1357.05
1518.05
1338.25
1350.24
1351.51
1341.1
1335.47
1308.23
1391.01
1490.17
1319.7
1337.24
38622
15111.8
69285.8
80182.1
33554.4
33841.7
612.28
34179.2
563.017
34320.3
671.657
35022.2
522.273
35019
611.379
35058.3
544.734
35995.9
638.721
32784.3
613.262
33362.4
517.623
33973.5
516.038
36789.3
555.409
33401
530.161
33257
532.577
33925.7
612.05
527.215
519.115
518.194
628.388
620.299
526.664
27669.5
575.696
540.304
522.243
607.58
627.054
631.574
620.81
28862.6
551.169
597.978
616.38
616.951
643.513
623.296
624.549
30428
639.252
629.15
541.187
564.801
628.387
642.601
631.575
28690.8
612.631
619.056
649.817
532.717
609.123
550.338
573.741
26003.6
635.804
528.467
590.43
630.833
628.899
571.907
555.098
26334.9
673.131
521.752
548.202
602.057
600.243
658.406
521.922
26238.4
640.916
658.266
636.396
659.459
545.958
651.54
546.127
26372.1
649.185
535.414
533.439
567.507
651.521
539.713
509.403
26098.3
523.426
640.275
613.764
614.997
658.105
589.698
548.714
26778.8
642.3
547.681
624.899
550.598
545.066
617.372
635.313
26268.9
626.273
621.341
642.61
586.972
523.195
527.855
593.136
26134.8
629.109
682.612
666.255
557.725
548.123
554.487
525.821
27410
630.082
615.709
550.639
544.634
534.231
517.873
543.392
26849.7
642.34
660.241
545.767
533.599
538.6
555.439
518.895
25953.6
652.052
602.698
614.055
521.32
614.105
509.423
596.695
26056.2
672.379
655.48
565.392
665.653
543.522
596.123
538.721
28107.2
651.39
635.814
620.379
528.999
533.479
534.02
624.679
29495.5
604.332
654.317
532.386
637.82
537.829
619.958
536.936
27191.4
528.076
573.792
603.811
621.782
631.003
632.176
559.679
25873.6
596.614
593.297
605.765
611.789
513.603
649.005
607.118
26031.1
499.059
509.554
507.8
556.472
580.978
541.597
582.351
26123.6
626.754
625.26
515.808
618.395
545.116
523.024
510.205
26037
602.237
632.056
624.349
593.908
545.507
645.096
508.611
26109.7
511.619
524.818
508.662
629.5
612.802
524.188
612.4
26235.2
611.368
566.004
506.627
565.793
600.092
511.759
574.864
26013.9
506.527
501.937
590.279
568.83
604.733
593.377
515.197
25597.8
611.559
532.105
641.398
497.787
502.607
528.237
612.29
25883.6
538.16
589.026
528.597
571.907
631.014
630.092
614.686
27075.5
573.43
627.265
575.105
507.981
519.567
507.509
519.637
26426
552.132
526.493
541.959
523.957
509.313
619.076
618.184
26250.1
550.338
598.147
553.495
559.238
596.403
513.493
523.525
28080.5
622.053
629.41
617.081
502.828
603.61
517.993
507.238
29552.6
528.518
615.719
612.441
613.152
514.545
633.079
521.461
27758.6
611.158
604.482
604.502
599.4
505.504
518.114
541.738
26462.7
527.816
507.288
591.512
600.333
500.122
509.474
612.461
26816.4
625.13
514.606
511.218
531.464
522.674
613.533
539.363
26555
522.834
524.197
509.623
514.315
617.272
608.642
505.114
25861.4
503.45
536.957
509.744
508
666.355
506.978
511.999
25923.3
509.584
533.308
499.721
532.597
511.097
518.184
557.685
25869.3
612.481
509.253
511.558
568.239
502.658
507.679
610.266
25655.8
632.096
506.988
510.326
600.653
594.379
495.742
500.583
27292.9
563.518
577.751
605.786
621.271
499.24
517.702
583.694
27286.4
515.417
587.884
509.173
600.253
596.565
518.724
516.831
25768
595.171
599.811
622.323
515.778
522.043
499.15
492.715
25699.3
571.336
635.263
596.865
612.792
517.402
534.01
561.784
26306.2
630.442
502.517
485.409
531.565
578.182
576.909
486.02
27197.7
536.947
495.983
603.46
511.237
501.796
551.431
597.827
26792
482.822
605.264
504.913
490.189
505.243
497.697
553.906
26040.6
596.524
611.548
610.907
610.446
598.187
500.172
506.075
25665.7
563.888
583.083
613.223
485.929
575.154
508.291
540.966
25905.1
589.858
583.194
605.625
510.556
595.702
589.648
482.823
26779.5
528.427
547.301
550.889
489.458
553.064
489.317
493.918
27407.8
572.92
582.722
609.965
570.053
569.572
609.113
505.184
26323.5
501.675
598.198
596.875
568.058
500.172
588.295
506.176
26277.4
599.079
584.847
505.905
493.286
621.151
625.651
496.363
27133.5
582.041
592.124
516.62
494.569
557.825
578.984
569.602
27124.5
578.453
600.233
490.51
500.924
508.18
567.186
610.807
27112
603.4
620.73
500.092
604.222
615.829
498.047
501.324
26496.8
585.238
518.384
484.296
537.518
588.776
570.625
504.833
26698.2
592.735
620.399
515.236
477.941
540.695
576.307
493.697
26590.2
592.685
504.883
607.71
591.863
504.452
478.783
584.726
25747.9
498.829
571.336
595.121
484.145
505.204
518.434
566.875
26200.1
484.937
503.339
531.575
591.924
604.191
565.192
518.183
26771.6
496.774
520.309
507.689
569.462
548.093
520.118
521.992
25863.7
582.051
507.569
517.242
476.838
626.483
545.877
566.586
26365
507.159
597.256
496.454
504.843
588.646
500.603
592.755
27106.1
563.869
623.055
500.182
488.705
485.278
494.439
16420.8
64488.5
8492.64
5615
4456.19
3730.1
3068.69
2360.39
1655.62
30269.3
11530
32350.8
32974.8
10877.3
1249.03
1238.37
1217.09
1184.35
1211.3
1226.69
1234.71
1205.59
14079.7
39540
6020.49
14945.6
15620.7
5157.45
24298.9
31179.9
628.187
16784.8
1216.73
1224.2
1235.89
1276.67
1261.56
1236.91
1202.21
1270.88
1288.29
1225.49
214.555
9977.77
18187.6
18035.9
502.187
498.529
1257.65
1259.93
14957.9
24363
494.84
47012.8
34963.5
497.205
34713.1
501.415
33519.7
469.552
34033.4
487.694
33764.1
564.651
34147
513.473
33665.9
460.911
33320.2
482.411
33511.8
551.109
33583
34072.6
573.601
35768.3
483.975
35334.4
481.099
35599.1
472.428
29606.7
475.496
593.837
511.047
599.09
496.974
598.97
567.157
29080.3
601.585
477.79
561.122
555.339
524.148
27950.7
573.852
505.194
484.496
550.187
547.922
476.488
471.175
29110.1
573.812
537.608
470.534
458.145
566.745
477.139
509.614
30616.9
584.717
487.703
501.856
598.949
488.075
578.131
494.619
29206.7
557.053
584.857
540.986
601.014
613.663
605.194
492.314
29379.8
564.631
511.649
504.763
525.4
538.691
529.58
575.476
30205.9
584.286
509.173
522.273
527.595
510.155
501.946
512.891
30630.8
590.6
623.887
631.675
593.708
480.046
542.78
607.078
30439.3
597.086
586.551
573.21
672.549
481.389
584.867
611.508
29953.9
603.52
559.77
536.175
547.461
485.138
494.689
511.007
31159.6
606.928
612.17
640.536
508.09
514.785
17084.4
16460.8
14867.8
16419
18194
19738.6
616.63
36308.8
566.896
32764
563.558
33653.5
625.731
33166.8
626.162
34190.6
630.763
32150.9
619.867
34193.1
660.822
32825.3
625.22
33544.7
523.936
32470.3
550.317
33707.3
639.984
15461.3
1368.01
1344.76
1329.58
1301.49
1312.83
1275.18
1307.05
1232.66
1328.81
1377.26
1354.22
1292.65
1291.36
1296.36
1313.04
1291.3
1330.28
1345.57
1330.8
1364.59
1313.31
1334.88
1315.12
1303.45
1271.81
1263.75
1265.34
1290.94
1250.16
1284.72
1337.39
1331.33
1272.21
1335.84
1300.27
1304.17
1281.22
1237.22
1292.73
1255.59
1268.25
1395.76
1349.53
1311.82
1223.3
1281.4
1325.17
1322.26
1308.69
1400.47
1368.41
1219.85
1295.4
1267.62
1299.33
1288.56
1245.14
1391.64
1269.23
1261.99
1250.98
1269.16
1306.29
1272.12
1302.34
1290.73
1333.75
1300.42
1306.02
1228.56
1337.61
1217.69
1415.85
1360.19
1251.85
1270.16
1287.16
1219.52
1316.4
1343.23
1336.28
1308.3
1279.58
1269.79
1276.63
1234.79
1340.25
1416.95
1306.87
1346.39
20962
11725.9
16164.9
654.618
29862.1
585.047
35444.5
559.018
35911.2
605.825
34728.1
602.167
35072
549.977
18962.6
1326.94
1322.29
1316.53
1249.35
1283.37
1258.62
1319.25
1261.31
1279.35
1265.94
1309.97
1214.07
1278.28
1287.92
1320.21
1304.99
1326.74
1337.03
1351.56
1279.2
1345.53
1343.52
1330.83
1366.11
1307.74
1324.65
1318.65
1315.84
1335.53
1324.84
1387.37
1263.39
1271.04
1332.05
1289.28
1282.24
1269.64
1243.55
1312.56
1288.37
1250.87
1327.64
17176.2
27413.6
15156.3
24422
3269.01
12599
27346.1
17510
646.028
31849
516.269
32836.8
587.213
34467.7
508.592
1325.95
1414.73
1301.52
1314.19
1271.78
1261.34
1310.2
1216.59
1263.05
1356
1320.5
1275.58
1261.08
1254.92
1294.75
1289.35
1270.12
1347.05
1301.12
1371.26
1305.41
1280.75
1277.94
866.535
21832.3
17402
19493.1
647.231
33899.8
511.638
32182.7
525.701
32262.5
579.846
34272.1
635.414
33684.5
599.2
32271.6
597.827
33018.9
616.079
34727.6
33989.1
526.473
33069.1
497.415
33428.8
504.622
33157.8
521.361
34867.6
628.378
33921.8
592.063
34806.2
500.974
35013.8
543.1
517.091
540.595
595.913
514.375
514.826
527.014
28018.3
615.678
596.574
609.504
570.605
516.329
509.343
510.426
27631
607.89
513.012
497.426
550.197
509.874
494.509
498.318
26165.3
598.889
563.238
559.769
487.523
548.042
497.085
13187.5
30982.4
17276.7
28192.4
38359.2
526.673
32927.4
600.473
33044.9
589.387
34349.7
591.433
33096.4
513.091
32669
493.397
18449.5
1339.11
1344.23
1345.26
1293.92
1296.35
1355
1372.8
1284.44
1260.24
1237.03
1328.74
1285.88
1291.89
1281.05
1327.09
1287.81
1322.76
1262.2
1310.9
1303.27
1321.89
1326.15
1311.66
1278.74
1274.94
1278.86
1307.69
1296.75
1276.15
1269.01
1285.34
1307.26
1321.82
1353.91
1397.72
1345.67
1327.92
1333.19
1296.45
1326.49
1345.49
1304.07
1306.2
1348.47
1255.79
1260.36
1346.61
1341.65
1273.98
1306.09
1329.21
1369.26
17656
10864.6
27070.7
503.47
38628.9
33179.4
509.724
32945.4
635.494
32048.4
526.352
31805.1
521.381
31943
596.183
33041.6
513.132
32797
525.611
33017.8
473.1
32915.6
591.352
32540
591.442
32463.1
579.595
32332.9
562.015
34176
497.215
32726.2
599.601
26664.8
513.753
557.885
606.447
610.477
593.898
568.198
535.734
26000.7
576.919
587.714
603.61
594.109
478.352
485.428
534.742
27123.8
493.668
512.3
497.376
484.235
602.518
577.049
536.476
25907.2
570.734
575.956
609.605
632.066
629.179
593.548
48996
61052.6
5039.6
28289.7
15979.9
19536.6
22579.3
20818.7
33340.4
32589.8
32006.8
523.095
29338
1301.75
1332.88
1395.88
1333.91
1295.73
1296.41
1331.34
1383.05
1293.39
1325.1
1309.11
1388.43
1337.98
1317.61
1305.08
1445
1383.39
1401.44
1463.69
1387.82
1300.37
1352.94
1315.68
1315.37
1357.69
1383.4
1332.83
1361.46
1299.94
1403.23
32168.8
12508
25569.2
24201.3
27585.2
26301.5
26151.8
25787.2
26441.2
26395.9
26240.9
25289.5
27109.7
26829.7
26665.1
25631.4
27506.8
26571.6
528.297
26582.1
27856.8
16933.8
622.614
17993.5
521.942
17601.9
582.772
18988.2
609.433
577.62
608.211
650.288
16665.8
493.076
667.988
490.5
764.611
580.207
619.698
491.221
17597
543.161
652.553
617.232
645.917
632.256
608.792
599.761
29326.9
596.795
627.615
541.527
515.046
628.888
618.314
620.68
29969.9
608.973
529.67
612.801
625.872
522.473
514.205
583.304
29777.3
516.46
604.923
516.539
596.424
617.923
624.879
631.665
28736.7
664.341
617.432
634.352
546.839
534.862
528.988
521.01
28294.2
618.053
621.912
616.58
507.368
511.658
600.543
528.277
28026.8
612.2
540.946
631.876
626.733
532.196
618.535
627.285
29178.6
609.814
639.292
616.349
595.402
510.044
613.854
539.874
28044.5
529.549
530.462
532.337
602.949
506.437
600.594
590.059
27604.5
613.604
631.886
620.61
610.516
522.854
662.135
649.245
27588.2
649.897
28672.9
48183.4
5193.79
2991.43
2169.22
564.65
17383.5
571.316
38463.9
12829.6
20072.9
34751.1
557.584
35190.4
612.701
35260.3
576.187
35444.7
580.347
35414.3
648.564
34783.7
614.396
34791.5
648.865
34240.2
537.859
35086.6
542.96
34511.5
603.861
34110.8
614.555
34114.3
541.357
32860.2
541.828
34145.3
611.088
33993.4
520.849
33849.5
581.871
609.323
611.448
598.639
550.618
617.482
622.023
28722.4
641.778
560.421
640.807
610.677
648.062
636.857
27979.7
634.561
541.928
599.822
619.026
632.246
659.349
523.726
28574.9
620.048
635.394
552.854
611.939
630.141
656.823
660.481
29154.2
665.503
638.19
631.484
626.443
613.343
627.034
622.845
28604.5
630.934
637.518
637.228
571.426
560.862
544.955
627.204
28115.6
627.165
629.7
563.418
644.414
546.85
531.544
634.752
27524.3
639.293
639.564
640.626
635.173
546.469
566.805
536.205
26927.4
633.038
647.16
553.365
536.235
611.368
628.398
634.121
28034.1
788.115
626.083
741.909
547.13
558.467
653.796
652.222
28275.3
568.429
640.114
630.161
560.381
543.792
538.019
628.949
27726.5
560.331
553.104
559.849
576.919
556.341
672.449
648.784
28906.7
635.544
725.311
552.262
624.167
620.269
749.176
573.641
27999.3
651.651
621.451
558.146
569.752
645.346
630.172
659.469
26429.9
631.845
676.107
668.059
546.639
766.746
566.646
621.181
26919.9
637.428
651.601
621.682
543.221
548.012
635.674
633.519
26956.1
642.058
654.678
666.415
634.341
663.869
541.357
538.119
26478
542.078
698.97
621.652
638.631
617.803
637.278
580.026
26297.9
629.349
644.144
558.477
661.644
630.613
546.589
685.017
26623
677.32
579.475
659.058
580.297
668.009
676.037
571.005
26171.4
672.85
659.088
694.41
679.666
659.86
644.504
544.594
26490.5
742.029
635.053
661.443
645.808
552.793
553.846
645.226
26197.6
566.595
631.455
621.511
635.133
668.339
659.138
678.884
26376.1
551.219
621.061
602.979
657.976
633.88
531.284
799.853
26933.2
678.182
710.727
659.109
605.565
679.485
667.457
561.043
28209.8
563.087
637.96
665.332
555.319
608.502
653.665
559.92
26692.7
581.831
651.371
653.896
570.414
659.008
648.964
546.799
26762.8
626.884
634.763
634.171
617.282
534.662
622.865
553.225
26859.4
633.379
646.459
649.536
648.413
649.777
546.649
554.587
27638.4
644.685
624.578
524.638
610.546
542.75
621.462
620.168
27561.9
538.34
546.449
621.331
636.717
548.003
623.025
528.618
27557
609.313
772.289
616.46
632.617
537.999
608.161
533.76
27253.9
610.476
514.805
515.478
540.485
630.553
631.444
530.221
553.515
633.94
1335.31
1310.74
1327.06
1333.65
1321.29
1308.05
1282.07
1292.93
1267.85
1268.77
1299.72
1297.07
1318.62
1285.14
1263.28
1386.9
1300.27
1276.55
1306.45
1363.49
1288.94
1268.46
1368.94
1258.55
1299.39
1317.48
1316.76
1262.43
1286.64
1268.28
1280.67
1276.99
1276.52
1278.81
1309.1
1353.07
1295.84
1348.29
1290.39
1341.9
1321.17
1353.76
1304.38
1301.02
1391.78
1354.04
1265.78
1249.93
1297.67
1320.27
1280.75
1258.88
1302.19
1371.61
1327.82
1387.19
1294.02
1309.64
1284.96
1305.82
1354.56
1259.69
1301.65
1296.34
1294.4
1297.77
1293.09
1335.66
1305.05
1339.69
1288.1
1283.2
1283.19
1331.23
1263.68
1340.43
1372.03
1334.7
1276.99
1288.85
1286.51
1263.26
1325.38
1374.45
1312.24
1297.98
1260.77
1284.88
1322.58
1309.89
1347.04
1269.82
1284.41
1258.43
1307.3
1352.43
1272.07
1347.7
1286.71
1278.6
1290.08
1246.64
1279.69
1313.72
1281.39
1300.61
1343.76
1266.56
1306.89
1315.24
1309.9
1268.06
1294.83
1294.18
1306.88
1316.25
1291.97
1287.72
1292.04
29386.1
22770.5
15833.2
24147.6
34281.2
15162.1
23568.1
686.25
41587.4
34641
607.53
36701.8
578.102
35063.3
680.136
35566.7
683.124
36489.8
598.138
22511.5
660.221
20875.3
662.015
21500.4
588.315
21835.6
563.568
20829.4
562.847
20764.6
680.207
20888.4
577.551
21133.2
656.532
21258.9
597.517
17152.6
549.637
556.803
569.802
546.238
641.467
620.9
633.58
16931.4
634.883
623.747
654.067
653.184
642.91
651.641
17585.9
565.984
617.142
660.381
617.352
646.479
652.523
567.307
17480.8
644.795
542.439
667.417
666.966
549.275
605.204
574.934
503.49
526.142
593.006
582.622
313.472
58712.3
27715.8
24006.8
552.302
48556.1
36280.9
569.863
34198.1
621.181
33859.6
521.962
34524.7
617.282
34955.8
603.59
33884.1
588.215
34989.6
553.445
34931.7
610.266
35273
551.239
34422.9
629.46
35687.8
613.584
35421.8
541.257
35203.8
531.915
33997.5
645.327
27984.8
536.045
629.47
555.339
621.882
644.715
525.591
618.675
29022.2
535.032
610.807
598.278
553.816
614.756
552.663
615.538
29144.7
602.327
642.409
558.777
593.347
525.931
546.088
545.547
29158.5
640.956
620.6
520.81
639.693
612.15
635.594
641.558
24445.1
639.163
546.879
623.707
645.998
540.515
635.694
1438.43
1365.54
1345.85
1404.23
1290.15
1373.68
1302.53
1326.9
1326.66
1311.13
1350.29
1326.96
1339.49
1354.04
1311.11
1342.4
1311.13
1343.84
1292.78
1288.36
1305.63
1341.99
1307.21
1309.74
1319.99
1275.71
1338.38
1314.9
1353.79
1338.38
1417.74
1322.9
1398.41
1453.58
1359.64
1347.94
1361.65
1310.91
1336
1306.9
1360.48
1359.18
1345
1319.81
1289.93
1352.43
1479.43
1327.13
1394.25
1337.11
1315.59
1479.62
1326.94
1371.65
1375.36
1302.77
1403.71
1308.18
1309.5
1346.61
1341.86
1370.25
1314.96
1245.52
1325.54
1303
1419.13
1326.34
1292.62
1286.32
1277.16
1331.18
1364.16
1325.66
1344.51
1343.45
1370.94
1242.2
1358.79
1395.86
1345.29
1404.52
1345.93
1300.69
1376.77
1321.67
1381.12
1321.82
1361.95
1327.71
1377.21
1260.72
1330.08
1295.98
1295.33
1318.62
1293.4
1372.46
1292.31
1319.81
1343.16
1276.47
1284.27
1302.18
1339.31
1307.21
1300.24
1330.83
1305.22
1303.25
1341.36
1344.62
1392.02
1352.77
1376.45
1284.42
1307.8
1287.99
1299.19
25253.9
71546.1
5057.02
38887
50413.7
5771.3
37904.1
27034.6
25338.9
30949.3
22845
27056.1
31323.7
40043.6
35214.9
33962.4
33820.3
514.616
33988.8
516.099
34650.2
509.974
32753.6
644.926
32873.7
606.938
33537.4
536.305
33775.2
637.058
32998.9
635.484
33819
556.973
33563.5
549.325
33998.7
579.264
33731
614.235
526.443
616.44
639.844
539.383
531.024
519.897
26681.7
518.384
512.721
507.88
513.322
547.18
607.299
610.015
26918.6
610.125
613.664
512.521
541.116
626.944
529.369
28636.6
628.247
622.223
607.369
638.27
508.601
600.533
513.433
27532.1
513.272
516.71
507.71
507.348
505.905
510.536
524.468
27741.5
606.858
623.456
641.257
630.473
621.461
629.129
606.969
613.463
1303.71
1334.45
1434.82
1263.91
1323.28
1392.55
1331.93
1361.12
1312.95
1267.5
1294.52
1303.86
1294.19
1268.34
1287.14
1334.11
1303.13
1307.6
1284.49
1260.73
1306.61
1287.6
1255.02
1320.88
1320.72
1359.31
1260.03
1312.12
1299.59
1327.25
1232.94
1315.97
1276.98
1261.96
1281.21
1281.26
1321.1
1308.21
1307.02
1424.15
1393.19
1297.58
1322.49
1301.7
1332.99
1340.2
1320
1260.64
1318.89
1283.98
1289.82
1289.09
1332.55
1275.83
1342
1289.02
1297.51
1305.72
1294.66
1268.65
1329.06
1346.03
1299.9
1326.76
1348
1321.89
1303.73
1310.41
1333.58
1294.7
1279.11
1343.24
1302.38
1333.35
1337.76
1288.73
1299.42
1372.72
1348.27
1323.85
1298.26
1285.21
1285.98
1336.84
1352.81
1270.76
1287.14
1274.2
1308.18
1288.79
1294.24
1345.98
1344.33
1300.76
1250.18
1282.2
1251.98
1280.96
1418.92
1276.41
1275.47
1294.51
1305.58
1261.25
1332.43
1384.27
1314.69
1311.29
1306.39
1228
1331.8
1351.36
1313
1314.04
1261.13
1264.75
1300.13
1273.49
1312.18
1280.27
21746
32675.4
18835.5
24906.7
30018.1
26104.7
498.638
32540.2
497.455
34671.8
497.666
32650.8
493.857
32645.7
593.386
33810.1
508.963
34963.6
492.244
35044.4
497.656
35892.5
583.875
35072.4
494.739
35248.5
505.725
35328.9
599.541
34949.8
530.101
35057.2
602.508
33091.9
505.073
597.807
599.2
615.077
614.646
28026.7
530.532
498.348
508.08
541.377
569.813
535.544
28976.4
518.514
505.334
485.087
600.713
502.447
512.822
27999.6
523.937
562.706
495.18
616.46
496.133
496.073
27803.7
549.546
562.917
26690.8
27001.7
35476.2
21625.1
29801.4
34161.1
622.453
34287.1
513.452
34110.2
617.813
34597.6
525.05
34404.3
507.419
34470.6
588.966
34181.3
584.697
35183.7
605.465
35091.4
516.59
35337
585.93
34854.1
593.557
35259.6
503.37
34712.1
553.916
33647.4
605.324
32081.5
505.685
590.37
588.486
504.401
587.533
585.289
517.652
26629.7
504.051
507.018
596.655
590.43
507.308
489.197
573.551
25890.5
530.682
508.09
500.473
502.638
602.327
616.27
25966.9
512.09
563.899
613.664
605.765
512.991
508.681
589.808
18219.1
493.417
536.907
587.724
496.934
526.583
1217.25
1290.5
1288.83
1341.26
1314.17
1312.61
1305.18
1278.18
1277.07
1296.01
1258.99
1257.21
1262.82
1273.98
1257.79
1285.04
1256.93
1274.21
1257.63
1321.02
1256.47
1233.83
1251.23
1356.63
1263.49
1272.15
1327.46
1270.17
1245.22
1274.25
1247.29
1276.61
1277.01
1270.64
1286.55
1257.93
1209.59
1257.29
1225.67
1238.55
1225.19
1310.05
1252.39
1274.94
1229.34
1216.74
1243.85
1273.1
1255.6
1343.18
1182.05
1184.92
1191.72
1254.55
1262.02
1298.25
1244.28
1261.57
1281.97
1212.17
1229.54
1243.26
1201.46
1264.43
1253.88
1258.6
1247.88
1238.62
1226.78
1223.42
1220.96
1259.81
1229.23
1244.79
1227.04
1249.7
1255.86
1252.85
1224.12
1313.91
1269.58
1262.76
1234.2
1257.1
1215.41
1246.19
1251.82
1218.28
1215.24
1271.04
1228.47
1203.62
1207.29
1253.19
1204.59
1207.35
1229.32
1207.17
1227.27
1241.74
1276.37
1250.91
1264.52
1240.92
1189.11
1245.2
1277.12
1274.7
1245.25
1297.43
1205.6
1254.4
1281.68
1323.71
1185.73
1233.45
1212.64
1253.62
1239.49
7943.4
25931.2
11455.1
20792.8
33993.6
26199.7
500.143
32382
601.456
30941.3
1339.32
1300.16
1265.15
1267.74
1299.52
1352.24
1263.1
1276.33
1287.81
1313.31
1308.94
1354.16
1330.21
1305.39
1241.47
1248.5
1256.1
1269.02
1249.14
1264
1473.94
1293.94
1269.71
1298.62
1291.86
1245.65
1264.7
1308.52
21217.4
15804.8
23165.3
31619.3
618.264
32234.7
526.844
32712.6
604.783
32011.3
561.664
32027.7
626.002
31648.4
617.943
32656.9
478.122
33346.1
589.287
1255.19
1235.3
1231.64
1288.84
1273.91
1316.52
1315.09
1304.24
1288.23
1245.58
1309.64
1277.92
1442.21
1317.05
1399.17
1726.95
1372.92
1303.49
1316.72
1285
1267.94
1268.65
1320.71
1311.87
1285.99
1280.07
1350.95
1319.95
1327.17
1299.54
1421
1279.59
1367.28
1281.8
2256.62
1285.54
1286.07
1340.38
1308.8
1292.73
1307.34
1271.82
1345.36
1261.74
1285.37
1206.13
1284.57
1246.72
1279.92
1292.68
1232.69
1254.74
1266.75
1281.61
1306.33
1287.88
1262.92
1249.7
1301.52
1286.87
1272.43
1297.31
1270.9
17919
17878.4
27229.2
27158.4
22832.7
34142.6
619.867
1249.16
1277.91
1252.11
1273.18
1248.61
1293.99
1238.3
1098.65
23469.1
14334.3
29556.7
29900.3
473.049
31616.4
542.68
31390.2
499.49
32281
488.806
31352.4
562.465
31156.4
480.457
32061
492.074
32765.6
526.693
32696.9
495.622
31228.4
598.428
32410.9
568.279
31487
553.455
33106.5
493.196
31496.3
521.502
32849.4
579.585
16719.9
490.921
496.303
1254.73
1248.92
1278.49
1299.34
1232.27
1201.78
1227.4
1273.31
1269.75
1336.74
1264.63
1259.78
1251.27
1220.06
1270.17
1258.72
1201.33
1235.22
1276.24
1301.11
1258.73
1321.7
1307.5
1296.88
1325.05
1331.56
1280.62
1283.2
30033.1
50880.1
30662.2
26671.3
20567.5
30569.6
30829.1
505.745
31522.1
559.319
30820.4
579.775
32639.8
516.38
30858.6
563.167
33162.8
572.248
31724.3
492.133
31791.2
589.378
31818.8
572.72
33987.4
552.904
11046.9
1266.47
1217.97
1235.1
1256.49
1276.09
1226.29
1241.09
1200.98
1341.62
1249.42
1276.99
1304.19
1359.32
1291.37
1291.42
1301.12
1285.23
1283.93
1255.59
1295.3
1342.29
1297.11
1351.32
1324.97
1314.54
1272.97
1325.37
1304.24
1287.94
1345.35
1281.54
1447.33
1266.24
1254.08
1318.87
1283.9
1269.31
1272.85
1301.98
61740.7
35941.7
5681.91
19039
32088.2
39477
35763.5
18722.1
22254.8
26819.5
27440.2
41400.4
37477.7
641.087
37869.8
658.267
36845.5
654.227
37840.1
642.24
38519.3
618.124
38584.5
559.85
38982.4
38820
622.564
39384.3
38885.6
39255.9
548.473
39596.6
40267
700.954
40408.2
592.876
33175.3
572.349
639.613
631.705
609.545
635.534
622.864
557.073
32320.8
662.646
729.851
584.697
595.07
638.5
666.355
32946.3
596.554
582.512
569.101
599.271
582.843
658.005
642.279
32564.1
641.247
584.417
602.127
691.623
659.93
657.224
653.315
32981.6
655.66
653.125
672.549
580.207
659.83
644.314
601.125
32886.2
651.11
600.985
690.741
698.148
678.162
668.851
590.801
31643.1
678.262
658.988
670.204
687.784
678.954
681.68
652.613
31694.7
683.314
598.759
605.024
612.19
601.465
749.326
718.535
32676.5
615.728
714.747
685.82
695.702
677.2
672.79
661.374
32644.5
659.509
677.21
678.473
685.068
677.601
663.247
670.525
32720.8
696.534
684.817
590.601
653.084
673
575.886
661.915
31904.5
672.639
554.958
561.664
557.023
615.909
24995.2
18848.3
22233.6
643.001
37991.5
34919.7
587.914
34399.3
640.124
30826.9
1410.44
1310.42
1352.6
1294.62
1322.14
1327.41
1308.17
1340.6
1289.47
1298.78
1274.74
1277.83
1253.56
1260.4
1290.33
1299.44
1307.6
1348.97
1298.49
1295.83
1281.91
1301.96
1330.08
1291.41
1318.82
1286.93
1261.25
1289.24
1271.43
1296.46
1314.21
33141.4
16389.1
4853.88
627.585
29095.9
27460.8
539.744
35204.5
609.544
35683.6
570.013
27769.3
1385.19
1334.73
1302.76
1266.71
1306.81
1362.21
1402.95
1328.38
1308.18
1278.46
1301.15
1316.67
1341.36
1263.72
1322.05
1283.95
1329.84
1347.56
1308.08
1290.25
1340.84
1365.99
1378.74
1358.71
1350.67
1306.96
1268.56
1296.89
1369.07
1321.69
1343.7
1295.87
1301.64
1290.2
32509
14685.8
29842.4
32979.3
27824.5
519.827
34421.4
505.394
33966.6
635.093
27678.3
1349.06
1374.84
1338.57
1257.41
1390.48
1386.8
1364.64
1339.09
1317.01
1278.52
1271.87
1272.2
1289.32
1263.63
1253.04
1293.65
1267.46
1301.48
1264.89
1291.32
1292.17
1287.46
1339.82
1271.94
1294.93
1308.49
1269.55
1269.08
1344.75
1323.04
1252.5
1280.6
1307.62
1296.74
14157.8
28588.9
12636.4
19238.4
529.32
39432.4
34293.2
485.959
34174.6
498.94
33179.2
509.775
33305.7
503.159
33144.6
526.142
35954.1
525.951
33133.7
595.282
33266.1
620.128
33177
581.51
35083.5
511.408
33494.3
548.133
33209.4
512.971
33421.9
497.816
34305.9
602.728
22793
513.552
579.795
600.312
617.081
537.548
513.764
1312.67
1343.07
1295.41
1261.88
1273.63
1379.84
1251.68
1288.39
1320.39
1303.46
1258.74
1257.65
1275.64
1270.44
1290.88
1280.23
1270.39
1288.66
1244.52
1251.45
1266.39
1341.23
1320.35
41462.7
11827.8
24442
33969.9
26695
627.125
32205
606.898
32138.2
485.889
32394.6
607.559
33016.7
603.029
33104.1
515.988
33382.6
608.782
1284.02
1275.3
1333.47
1446.32
1263.14
1242.06
1234.08
1271.73
1340.82
1240.37
1271.98
1315.94
1298.48
1274.09
1231.19
1229.75
1230.81
1229.83
1217.92
1276.15
1231.23
1259.48
1291.71
1295.04
1338.17
1303.93
1286.89
1298.4
1329.94
1270.64
1286.72
1273.28
1266.04
1306.28
1287.24
1315.11
1294.78
1276.67
1269.12
1252.34
1282.38
1338.65
1356.42
1314.66
1336.74
1296.16
23316
32629.9
13095.8
18482.1
45154.4
37467.5
608.692
36105.1
600.323
35080.5
598.679
35994.9
499.611
36499.4
505.113
35153.6
578.232
35526.9
602.207
36479.1
616.57
37047.5
35396.6
597.767
34752.4
489.378
36349.6
576.378
36911.4
550.448
35613.8
586.1
29636.8
591.011
591.893
605.875
594.519
528.096
528.307
565.844
29194.6
615.879
593.878
583.173
509.834
509.544
499.179
516.63
29247.8
503.27
559.379
579.515
580.588
595.612
498.428
29564.5
529.98
607.96
626.774
518.114
506.306
604.923
600.613
29037.8
591.793
573.622
585.358
589.839
594.88
518.495
560.391
28815.4
604.602
582.05
568.81
554.738
588.215
615.548
592.956
28632.5
578.452
492.855
503.47
494.068
512.129
508.03
560.692
29091.5
644.134
513.332
518.575
509.303
550.297
513.994
590.39
29021.7
592.965
595.352
598.188
614.686
504.542
568.59
615.587
29733.4
514.806
522.814
516.199
507.288
539.473
520.178
499.751
29567.6
597.597
485.157
496.514
594.559
617.302
605.765
569.742
29246.3
610.797
499.551
516.36
554.558
560.832
31589.1
48808.2
6112.41
28544.8
18605.1
29906
26044.2
584.266
33690.8
630.052
19375.7
1311.06
1283.39
1264.07
1232.17
1265.44
1292.18
1275.58
1337.24
1295.05
1291.39
1272.92
1248.91
1272.01
1257.13
1246.34
1283.12
1312.1
1301.07
1291.97
1263.47
1272.55
1307.81
1272.14
1357.35
35872.8
13030.1
32728.5
45626
35622.4
605.865
34662.3
579.936
34898.2
565.773
34695.8
508.271
34153.7
473.631
33956.9
481.499
34123.1
495.06
34064.8
504.612
34794.3
588.085
33820.1
532.536
34030.3
582.322
35017.4
534.441
36641.6
492.816
34334.6
580.508
28438.2
568.079
559.148
500.001
566.084
472.198
566.876
575.195
28237.7
578.282
603.269
587.242
572.259
495.923
507.85
504.743
28773.8
501.956
506.096
490.33
511.027
573.972
574.554
486.15
29058.3
545.627
585.529
579.916
582.993
569.101
513.873
491.121
28623.4
479.375
494.239
505.925
559.288
479.555
529.58
492.775
28625.2
510.226
494.94
586.391
569.562
580.427
493.698
480.597
28632
564.259
489.658
516.309
479.625
527.264
498.598
556.492
28552.3
514.626
485.117
557.504
531.043
499.811
500.283
503.961
28378.7
525.13
598.488
494.99
495.692
529.721
567.498
579.946
32200.6
500.493
508.481
508.321
588.014
488.144
559.299
521.321
32709.3
583.394
578.131
513.122
578.442
554.447
588.937
547.291
31794.9
581.449
491.051
500.172
534.291
523.075
36376.7
12115.3
18718.1
33131.7
23697.7
1335.82
1365
1340.14
1382.73
1332.66
1324.37
1333.65
1395.76
1396.93
1386.13
1359.53
47561.1
15201.2
26642.5
47038.3
38425.3
38197.4
39486.7
38245.6
38243.5
38335.1
38669.5
38169
664.591
37913.7
38152.8
38571.5
39286.9
39149.7
38847.7
32543.6
576.688
574.113
569.212
566.044
635.173
650.729
630.492
32579.8
562.606
555.6
558.596
555.169
638.1
650.108
557.715
32537.2
660.542
571.336
616.309
570.274
669.923
656.051
560.201
32821.1
543.341
559.92
597.406
634.722
635.764
551.4
560.601
32484.3
576.458
637.438
650.217
552.022
564.329
661.293
581.95
32018.5
607.871
567.337
573.662
608.07
627.295
575.306
632.096
31611.6
687.694
679.094
578.783
665.133
568.92
634.652
630.773
31674.9
651.521
653.385
659.519
665.943
612.2
641.898
651.801
31795.8
574.172
623.145
625.2
676.328
657.785
582.702
578.814
32413.7
585.999
567.647
550.388
596.594
657.013
613.002
592.064
31850
579.345
567.708
650.168
664.732
558.888
653.766
658.667
31598.3
660.742
654.337
601.104
587.193
582.331
34826.2
37726.3
5522.03
20717.5
21615.5
24201.2
27619.4
29116.2
28496.2
29114.3
28798.3
28364.4
27884
27846.5
26456.1
27953.2
28378.2
27740.9
28330.9
28825.7
618.174
27994.4
27393.2
28283.9
29812.4
28756.5
28475.2
29190.8
593.237
556.933
573.22
546.589
27628
676.007
628.508
613.704
579.555
612.591
608.902
605.966
27969.3
532.225
532.487
532.487
522.364
533.88
618.104
591.202
28190.2
631.425
619.286
640.405
625.12
620.379
607.64
530.251
28757.4
609.264
604.562
583.043
532.326
524.829
617.522
620.048
29253.8
634.381
622.805
634.551
606.026
615.548
629.309
618.214
29564.5
625.822
645.096
629.53
604.533
522.524
529.951
607.901
29173.8
530.963
639.112
649.627
606.387
624.227
595.502
601.315
29472.4
538.591
547.622
607.118
540.014
541.457
591.944
612.922
29022.6
597.165
634.201
555.489
610.105
556.141
539.503
576.408
28686.3
631.054
528.517
531.244
538.43
567.116
583.895
601.084
27646
536.716
521.02
589.388
566.034
610.446
605.194
627.595
27517.3
667.808
17482.2
17854.3
2258.63
1538.4
22317.5
28469.9
18944.3
35339.5
27245
627.977
32921.6
597.105
34599.2
597.556
35015
618.445
34519.8
511.849
34501
529.439
34501
500.222
34757.9
538.21
35206.3
596.835
35204.8
604.623
34744.7
578.373
35154.8
509.474
34905.3
569.231
34659
629.15
35254.4
496.012
507.599
521.2
510.516
488.185
29321.2
505.705
513.813
517.462
612.14
589.999
612.812
29131.2
523.285
528.908
510.346
543.241
581.82
590.41
29219.8
506.887
527.315
519.897
502.046
511.568
515.047
27654.8
607.679
587.954
19955.4
35513.6
37897.2
5253.16
46140.9
20536.1
32014.2
32762.1
494.589
32789.7
521.582
31906.9
505.755
32246.7
499.892
1274.63
1246.41
1256.05
1285.42
1292.3
1277.22
1274.65
1291.23
1283.69
1317.47
1278.85
1273.38
1298.96
1265.58
1271.11
1280.17
1311.13
1246.15
1367.53
1315.93
1341.24
1349.74
1275.26
1246.67
1266.64
1258.15
1246.15
1283.83
1310.12
1227.8
1211.77
1247.88
1248.34
1256.24
1274.25
1254.45
1271.05
1259.15
29065.8
38805.8
4355.2
2113.49
550.157
27637.2
17201
529.199
39058.7
32096.9
587.262
32220.4
590.751
32492.6
593.256
33347.7
550.769
33703.7
577.069
34831.6
601.496
34065.1
499.571
33611.2
592.554
33749.6
584.025
33479.1
606.326
32728
506.236
23402.5
1255.05
1282.1
1291.14
1309.36
1284.54
1300.16
1285.35
1213.74
1224.75
1265.22
1291.11
1290.41
1257.1
1283.89
1226.4
1235.84
1275.61
1335.22
1259.97
1321.24
1282.44
1309.8
1335.15
1245.05
1303.66
1304.99
1355.83
1283.63
1348.85
1280.29
1290.96
1366.79
1368.76
1287
1265.38
39676.2
35679.3
40290.6
21460.6
25151.9
11104
17706
44434.3
33564.8
616.701
33216.3
613.513
33002.7
489.918
32941.5
590.239
1269.69
1256.22
1297.77
1280.5
1260.25
1262.31
1289.76
1222.22
1262.68
1237.72
1267.77
1302.22
1288.52
1287.45
1323.77
1282.19
1286.14
1301.98
1310.82
1256.08
1304.21
1278.49
1389.32
1412.05
1315
1323.8
1376.09
1320.85
1284.26
1255.81
1248.86
1303.22
1255.09
1270.6
1266.91
1319.14
1297.4
1277.01
1264.16
29911.4
11965.3
29229.4
13493.6
23334.7
72357.9
30677.5
38120.4
692.004
40181.6
40298.6
711.699
40842.4
41051.7
38637.2
671.447
37386
706.418
37482.8
608.111
37533.7
638.822
24273.2
1412.55
1464.67
1372.98
1428.5
1377.67
1387.99
1381.52
1449.8
1431.68
1440.41
1322.99
1365.09
1369.68
1373.18
1375.77
1356.37
1364.67
1433.38
1406.76
1392.11
1396.43
1386.88
1406.61
1368.74
1387.22
1393.07
1428.72
1464.49
1360.51
1393.55
1508.41
1401.46
1399.13
1418.92
1425.74
1416.8
1442.02
1422.46
1435.97
1343.79
1368.84
1427.12
1426.24
1411.54
1397.89
1355.55
1347.08
1351.18
1367.85
1392.03
1367.73
1442.89
1445.83
1340.47
1364.21
1387.29
1366.68
1406.19
1307.58
1314.89
1329.99
1340.1
1339.64
1308.81
1330.01
1359.31
1377.24
1375.49
1364.37
1386.3
1359.31
1427.9
1419.75
1407.11
1385.86
1449.01
1412.19
1442.49
1460.88
1379.82
1423.71
1413.08
1396.56
1394.64
1405.27
1392.29
1446.76
1430.45
1420.56
25578.9
26931.2
35711.6
560.201
35107.5
612.962
35290.8
621.542
35660.1
561.073
35151.8
650.899
34491.4
604.712
35712.1
652.633
34861.1
576.247
35586.4
614.395
35736.9
623.627
35380.3
680.528
35653.1
643.542
35730.2
582.943
35585.9
648.444
35817.3
641.127
36084.5
677.069
684.387
677.12
592.054
568.279
653.205
665.052
29438.7
636.587
650.018
667.237
657.755
667.428
619.006
672.93
30190.1
665.563
582.812
552.523
588.585
567.728
571.457
559.008
27976
655.54
656.202
665.032
670.495
581.76
611.99
4887.9
9848.28
591.332
34509.8
719.848
36637.3
565.843
36934.6
20080.5
1327.95
1441.87
1336.4
1360.23
1362.71
1397.07
1342.35
1450.9
1369.55
1409.61
1366.72
1349.53
1323.64
1322.27
1338.82
1343.48
1350.55
1328.65
1330.5
1310.6
1359.62
1310.45
1347.71
1315.73
1320.47
1334.7
34302.9
14281.7
15642.8
41732.6
16278.6
1286.53
1272.63
1273.36
1286
1274.03
1314.82
1265.48
1289.72
1349.57
27984.6
41836.1
2091.84
27363.7
14556.3
22205.7
580.107
38511.4
612.311
35788.3
626.804
36076.3
611.839
36813.7
608.16
38787.2
633.239
37184.2
540.375
36856.1
565.333
35802.9
549.075
36781.5
621.442
35915.6
625.451
38625.4
38910.2
40604.1
38827.8
39648
32943.7
585.208
739.453
686.261
562.054
601.746
637.238
631.625
31231.1
658.507
661.032
589.017
590.42
659.95
677.912
575.246
31039.3
696.966
708.843
622.263
670.214
653.114
590.199
637.469
31070.1
669.272
582.933
598.99
641.096
655.029
580.718
632.186
29914.4
669.241
664.812
611.609
572.97
565.202
629.831
617.271
30262.5
617.923
629.249
620.6
546.047
560.662
568.319
540.354
29788.4
629.57
556.272
570.374
628.597
643.573
551.531
634.251
29886.4
613.965
624.639
621.662
542.69
602.588
624.378
553.345
31707
599.3
611.879
622.113
614.546
621.512
610.596
602.077
31010.6
557.063
616.69
570.655
605.676
587.894
557.133
576.989
30123.6
601.696
621.852
557.694
615.227
634.261
564.23
607.83
29617.1
575.927
553.575
647.02
619.347
551.17
34330
12036.2
23100.3
646.058
40800.9
33215.7
601.425
33202.9
596.093
33342.1
594.67
33276.1
566.846
32828.8
601.085
33080.9
532.297
1287.28
1312.48
1309.16
1318.28
1343.58
1354.46
1302.86
1280.76
1327.04
1324.09
1289.5
1264.86
1299.83
1278.17
1347.14
1268.8
1273.36
1271
1250.34
1234.83
1264.38
1288.25
1361.14
1249.63
1339.13
1287.33
1354.83
1310.54
1292.65
1308.89
1336.4
1286.73
1279.67
1306.48
1269.55
1269.98
1286.75
1326.5
1294.55
1274.04
1275.1
1319.99
1311.65
1268.32
1282.17
1285.5
1293.17
1273.45
1275.59
1278.89
1260.57
1269.58
1281.74
1317.8
1338.12
1259.16
1284.01
31947.8
23407.7
32508.7
17757.9
18842.7
47161
36273.1
545.096
36017.3
625.641
35775
542.42
35817.9
540.405
36249.1
622.825
36878.9
603.79
37395.8
559.99
35766.5
608.221
35338.8
557.725
35985.4
605.906
36050.4
553.204
37018.3
534.501
36984.4
630.923
36647.7
542.439
29855.9
528.026
586.761
608.872
579.996
532.997
526.362
589.437
29862.3
589.779
528.607
603.651
545.106
573.491
610.215
551.851
30840.3
546.478
669.492
619.687
594.038
536.436
527.235
609.765
30745.6
537.699
595.432
609.454
535.283
596.494
559.649
546.389
30832.1
557.645
614.555
601.666
555.27
594.149
567.056
621.742
31457.9
543.592
586.892
605.435
586.1
541.567
549.355
591.232
31400.5
562.225
630.793
549.145
599.211
613.172
617.493
598.92
31208.4
609.705
536.185
543.301
615.237
619.678
551.23
539.794
30450
631.665
566.696
605.315
550.288
598.418
602.107
604.903
30712.3
539.893
555.7
646.178
610.606
551.39
579.685
599.431
30470.7
554.707
557.885
604.833
648.263
610.416
605.925
550.819
30759.3
606.878
542.359
593.618
529.048
603.471
29667.3
26648.2
10723.9
31937.9
25952.3
612.571
32078.1
586.17
32161.1
578.613
32683.8
576.277
32350.6
585.649
33842.9
557.765
32802.1
595.181
1304.66
1365.52
1310.84
1324.07
1293.73
1309.3
1277.51
1343.69
1328.04
1324.7
1258.08
1454.37
1278.75
1270.02
1266.26
1312.5
1228.65
1279.68
1318.49
1336.82
1260.43
1347.47
1290.35
1279.56
1290.72
1261.12
1314.84
1256.47
1260.36
1310.21
1247.27
1301.81
1261.03
1243.21
1265.85
1271.39
1261.04
1254.03
1305.5
1263.56
1361.39
1253.84
1270.69
1280.59
1282.93
28494.8
39567.5
27140.8
13623.8
4516.99
12030.5
608.973
28648.2
586.811
33338.6
608.291
32778.1
596.053
29572.3
1232.13
1280.13
1268.61
1299.45
1259.92
1257.15
1313.11
1305.64
1281.55
1325.93
1257.64
1287.2
1251.23
1272.77
1235.36
1245.82
1310.32
1276.13
1337.29
1272.26
1307.62
1249.85
1278.78
1270.25
1263.86
1291.05
1689.66
1264.68
1284.42
1295.95
20378.8
30619
33408.7
26651.1
22651.7
15339.3
15749.9
31297
5424.72
1646.13
18246.5
14008
15897.6
35618.1
27071.9
526.653
34417.6
496.303
33854.2
488.164
1465.68
1272.27
1579.66
1247.7
1222.74
1195.22
1193.92
1166.82
1194.91
1215.7
1216.81
1268.08
1209.61
1203.21
1202.94
1204.96
1229.79
1219.15
1297.21
1269.67
1198.32
1311.6
1324.83
1243.58
1253.68
1314.74
1248.59
1315.5
1343.3
17508.3
29937.7
15174.9
21000.6
523.867
38424.1
613.133
33553.6
34195.3
593.607
34007.3
608.241
34266.2
507.729
34050.3
542.75
24684
508.802
19259.7
584.957
19395.3
592.504
19018.6
592.765
19129.5
580.978
19777.7
523.687
6999.78
1308.48
1330.95
1280.12
1296.24
1368.41
1341.46
1309.17
1321.98
1713.35
1288.4
1315.82
1669.66
1302.18
1427.99
1358.41
1307.7
1391.74
1707.85
2019.62
1493.02
1303.51
1304.52
1310.01
1338.99
1291.69
1266.15
1295.55
1281.29
1284.93
1285.26
1325.56
1238.19
1309.39
1243.8
1317.95
1282.02
1292.44
17341.6
29332
615.738
37974.4
608.973
34390.9
518.905
35721.3
507.429
34961.1
574.774
35424.6
570.454
35681.4
498.739
35396
493.136
35049.8
489.477
35557.7
577.651
35087.4
549.887
35303.1
604.021
35225.3
590.972
36338.7
585.077
35681.4
491.793
36078.9
487.463
29534.9
482.562
512.17
507.098
547.651
575.406
501.044
498.138
28108.4
585.439
607.65
563.99
583.635
488.957
491.592
615.649
38168
621.241
606.246
598.559
587.363
582.642
499.681
527.606
32774.8
544.414
539.733
508.872
630.443
626.212
505.204
590.962
33191.9
559.909
541.136
526.492
514.054
519.757
618.525
594.54
33152.3
520.198
586.14
591.834
621.932
592.164
604.412
501.476
32406.6
618.143
589.067
594.931
522.884
498.277
528.677
491.302
33008.7
588.175
499.491
578.753
491.302
599.691
574.714
584.927
33099.7
619.678
618.876
756.272
500.462
611.108
512.26
591.983
33463.8
607.119
509.524
813.092
501.154
607.72
524.257
617.272
34268.7
546.279
610.136
865.644
580.046
577.52
680.267
651.04
33369
559.398
570.745
696.986
526.673
555.92
17759.5
13493
16797.1
18473.5
2134.73
15505.2
13096.5
16005.5
21866.2
663.949
21756.2
1571.95
1584.64
1547.89
9260.8
671.738
34884.7
29297.7
662.917
35832.1
665.924
35943.1
663.097
35876.6
582.782
36084.4
665.774
36424
587.243
37200.2
668.54
36680.6
578.492
37087.8
674.914
37533.3
676.709
36968.7
599.36
36603.6
580.066
1440.12
1439.89
1459.76
1368.65
1432.47
1410.75
1374.41
1424.02
1450.44
1402.12
1376.78
1392.86
1415.53
1380.99
1392.46
1698.41
1351.25
1322.37
1325.48
1403.06
1371.89
1403.58
1371.1
1316.39
1332.05
1384.41
1338.63
1395.32
1354.27
1397.9
1392.81
1412.11
1397.31
1367.2
1393.74
1323.97
18294.2
14470.6
21868.3
552.853
40763
559.259
18600.4
1421.83
1276.76
1276.02
1297.74
1309.16
1381.54
1395.94
1277.52
1279.78
1337.72
1314.37
1323.59
15040.5
27263.3
16407.3
16042.2
27748.9
27233.9
26363
27244.6
27102.4
27771.2
26883.8
28448.3
28003.1
28596.8
26737.2
28518.8
27569.2
27799.7
28619.7
28514.4
27015.6
28695.2
29555.2
29328
27420.6
522.854
621.411
609.514
509.834
28791.9
622.605
535.413
576.308
626.382
520.139
626.713
531.354
27964.7
630.884
542.389
518.846
620.429
624.208
533.048
533.99
28376.4
557.554
528.377
530.091
615.778
545.727
622.434
534.311
27592.5
539.262
645.978
530.973
628.648
541.407
639.934
530.893
27397.9
633.208
615.628
532.567
619.046
544.825
621.541
623.857
28264.2
544.374
655.309
637.589
630.232
536.867
593.457
585.97
27545.7
614.225
644.084
642.31
711.278
664.902
651.201
660.321
17458.1
632.858
673.541
649.998
672.158
548.514
660.161
641.047
16375.6
647.993
645.427
637.258
543.061
645.908
551.731
631.475
16561.2
569.962
555.56
559.188
549.696
652.683
637.278
629.741
16418.3
562.255
644.565
631.985
602.608
530.853
530.963
604.532
16443.8
670.574
16101.4
22511.5
17314.5
18855.4
33561
639.493
33853.9
528.487
32313.7
536.446
32965.2
596.274
33420.7
505.355
33382.2
587.684
33501.4
537.979
33575.2
532.567
34659.5
620.058
34057.1
529.119
34136.9
619.497
34293.9
594.339
36474.5
507.589
37247.8
592.244
38155.3
611.819
16386
514.525
1434.22
1249.53
1383.88
1271.55
1396.28
1340.93
1496.25
1310.98
1407.27
1255.32
1348.75
1286.14
1421.34
1366.32
1425.97
1420.68
1374.97
1379.34
1431.25
1392.51
1203.21
1364.93
1311.53
1246.35
1302.8
1287.64
1293.5
1303.87
1312.69
18856.2
20888.1
26988.5
30573.2
27711.9
668.49
35281.6
592.274
35365.2
603.64
34762.8
593.828
13668.7
1296.78
1296.27
1360.64
1295.23
1325.19
1304.4
1262.42
1312.69
1227.19
1282.67
1221.75
1338.46
1313.9
1227.29
1230.07
1267.35
1256.22
1256.09
1253.4
1298.25
1265.98
1337.07
1290.51
1265.99
1276.02
1268.35
1267.66
1360.2
1320.87
1348.78
1271.94
1308.07
1318.99
1249.43
1292.47
1271.76
1293.84
1382.54
600.012
18232.2
14612.1
18378.1
626.093
34666.7
639.433
33675.9
530.742
34253.8
620.9
33352
610.927
32456.1
586.12
33171.5
586.311
34658
594.349
34715.2
549.306
34808.7
585.088
34884.5
600.874
34062.6
608.161
32872.7
638.531
32687.5
607.84
33897.9
514.004
32761.6
608.853
32466.2
619.306
534.531
518.274
608.803
607.199
602.328
513.723
1389.94
1290.29
1344.07
1316.48
1352.8
1273.07
1314.07
1312.42
1268.93
1291.64
1259.58
1257.64
1279.81
1282.25
1308.31
1359.48
1252.57
1375.2
1275.49
1319.33
1267.02
1331.16
1205.85
279262
13381
43364.5
17335.6
24297.1
38825.6
32763.5
14831.2
1350.92
1279.33
1302.52
1323.08
1306.53
1312.23
1373.97
1394.11
1295.13
1301.06
1305.36
1360.1
1326.65
1374.7
33581.2
24981.4
66958.4
36264.3
36068.6
547.391
35820.2
619.076
35932
613.573
35370.5
665.894
26923
660.121
21596.7
653.926
21762.3
576.007
21713.2
551.591
21720.7
640.475
22247.8
664.14
21750.7
560.481
21622.2
560.251
17481.2
638.762
1332.96
1428.38
1274.08
1365.41
1331.7
1386.59
1337.48
1492.07
1298.65
1434.97
1308.91
1436.11
1285.92
1396.3
1250.43
1492.16
1288.17
1389.03
1293.9
1441.24
1303.19
1380.67
1303.21
1370.15
1353.28
1539
1322.88
1401.74
1338.23
1443.44
1295.08
1432.86
23942.7
49593.5
5153.02
2913.66
1864.61
4950.94
15757.3
22966.5
38574.7
36091.7
608.161
35628.9
627.295
35585.3
696.855
35554.6
743.362
34762.3
633.93
37667.2
715.749
37292
617.763
37978
714.155
38783.2
583.935
37809.3
676.979
37977.4
597.947
38137.1
742.109
38720.8
674.153
38111.5
696.986
37283
628.799
652.603
638.821
597.868
669.963
682.362
1449.88
1370.43
1414.55
1463.16
1445.27
1431.58
1478.31
1451.14
1504.96
1410.08
1344.82
1398
1358.24
1425.82
1370.4
1471.85
1336.35
1422.61
1317.59
1411.86
1426.71
1513.01
1366.24
1428.18
1089.57
19257.3
17997.5
602.187
32785.2
717.082
35855.1
593.187
35656.3
658.527
36150.4
710.336
35629.9
589.718
35810.9
575.446
36330.9
663.869
36485.9
658.788
35976.8
715.608
34316
667.668
16516.6
1320.34
1373.99
1419.66
1366.68
1358.11
1470.88
1420.83
1400.38
1328.28
1368.06
1372.69
1422.96
1446.96
1384.18
1420.41
1395.76
1402.06
1475.3
1345.56
1463.5
1476.69
1459.13
1395.64
1451.76
1414.47
1481.41
1455.5
1389.63
1385.93
1438.1
1466.17
1419.01
1458.34
1401.37
1474.43
1507.91
1416.29
1397.57
1528.67
1427.6
17077.5
13483
27599.1
33977.1
684.105
35481.9
738.501
35150.1
592.686
34565.9
588.556
35093.4
682.492
35381.5
678.583
36124.1
623.987
35700.3
633.209
35873.8
594.67
36428.1
591.814
34890
560.281
34611.6
623.266
34807.1
552.252
35705.8
553.555
35003.9
646.509
34907.9
674.905
578.422
668.309
570.274
685.519
668.55
564.861
28416.5
597.206
653.034
679.194
578.152
692.365
588.174
658.567
28692.3
574.293
685.058
578.342
709.404
675.015
563.999
640.906
28517.7
660.642
573.431
668.469
574.403
632.537
672.419
