10013.4
3227.73
1407.64
4762.87
711.488
5802.86
4374.71
61017.5
11359.6
850.94
768.621
3292.76
3175.59
5206.57
1133.88
12462.5
45458.7
36050.6
1346.75
1409.01
1326.05
1429.22
4816.59
11493.5
30594.7
28980.6
35892.4
36985.8
35418.8
34846.6
35714.9
35745
34791.5
34875.6
34719.9
34737.5
34032.3
35063.1
34968.7
31961.5
29472.2
25767.3
488.525
557.674
504.994
491.111
25846.8
512.821
534.751
509.744
544.424
561.804
590.42
28602.9
577.791
544.985
513.182
533.438
511.538
497.897
28527
560.812
540.896
545.366
522.504
503.199
513.884
26301.7
509.995
486.31
495.09
517.131
485.037
565.863
25702
563.277
557.404
494.91
493.698
480.096
495.28
26783.9
509.072
505.053
544.474
500.112
487.914
470.022
28894.6
539.263
566.575
527.505
533.93
503.319
489.788
26305.4
493.687
579.294
512.18
493.818
501.876
543.903
26227.4
570.113
472.428
526.994
495.211
552.814
487.804
26150.9
512.23
491.011
571.005
479.294
567.537
548.574
26995.7
471.576
586.371
575.115
526.733
489.889
580.136
29135.3
488.736
589.457
498.939
583.033
595.441
508.852
27644.8
539.573
491.522
504.361
527.365
518.103
533.108
28743
584.697
553.444
538.831
509.704
559.8
531.664
25616.9
544.545
516.399
522.584
510.636
546.559
508.05
26888.9
490.409
495.341
563.467
556.262
543.653
544.935
25362.3
487.843
533.789
504.703
548.664
562.425
569.632
26041.2
575.476
482.431
528.808
522.514
520.078
519.136
29134
490.681
546.439
522.704
550.137
539.212
516.239
27454.3
511.177
497.836
542.46
579.455
497.696
575.325
26625.9
577.059
540.986
574.743
498.408
499.912
511.338
26174.1
529.309
497.606
495.081
519.085
537.167
533.438
27652.5
572.378
581.218
528.888
504.603
495.371
517.783
29661.1
563.227
556.061
535.704
543.893
524.498
539.362
27572.3
596.574
531.514
576.538
578.823
616.32
640.335
27257.2
543.502
565.713
574.122
549.085
603.049
591.553
26352.7
573.962
529.49
592.114
575.195
566.875
521.09
26263.3
532.216
498.608
554.878
516.23
517.612
493.807
25858.9
548.333
567.908
619.446
580.607
550.568
524.027
26259.8
551.801
563.688
537.228
493.918
505.083
510.045
27477.8
529.249
521.221
514.295
560.501
580.237
593.487
27558.4
523.956
507.639
556.963
567.547
541.898
508.23
27226.2
572.408
535.062
532.206
500.964
573.922
495.321
27787.5
565.553
503.87
739.683
556.813
546.449
563.568
29042.6
513.002
559.529
517.572
513.613
554.928
570.645
26822.6
560.581
596.374
607.049
586.39
545.046
592.485
26285.9
775.155
537.528
535.182
528.387
530.943
606.778
26986.3
647.421
604.192
610.436
630.372
534.391
591.192
27607.9
556.973
560.892
556.652
627.846
531.584
532.316
28794.8
535.323
537.498
598.388
534.451
596.474
543.742
27467.5
541.126
530.481
635.083
644.003
593.928
656.102
27615
678.623
625.36
628.176
647.562
651.822
691.022
26870.1
623.126
657.725
607.56
547.441
571.917
616.49
27576.1
529.62
512.901
520.259
526.051
689.699
533.829
26645.6
566.284
535.022
609.564
601.696
643.041
626.232
26225.3
592.555
540.054
496.503
503.389
518.594
527.816
26265.1
513.583
553.405
530.491
594.419
573.14
550.859
26412
525.109
558.136
609.985
510.245
609.423
638.21
26556.7
499.31
491.683
634.783
510.677
531.224
608.532
27231
597.065
517.632
536.556
601.816
576.668
584.276
29390.2
541.237
516.84
524.308
530.863
576.628
625.881
26932.7
528.407
504.653
620.8
593.568
645.597
601.866
26499
520.128
596.554
603.45
632.086
563.929
511.548
25758.3
547.391
627.305
594.008
641.628
592.054
603.11
20972.9
483.624
592.074
530.823
525.46
580.648
608.652
532.997
21312.4
504.411
535.313
532.416
503.65
509.995
530.643
638.872
20813.3
548.273
620.79
625.351
573.361
570.644
591.553
595.472
22811.3
574.293
527.555
585.599
605.514
582.402
623.225
21052.7
513.813
514.936
608.512
599.942
620.048
651.019
654.528
21519
545.497
543.171
614.105
508.952
610.556
588.957
680.177
20595.8
610.516
578.523
582.642
578.121
582.02
531.244
672.599
20541.2
485.118
485.939
501.565
475.355
503.059
519.808
562.215
494.138
508.521
1324.53
1346.42
1352.15
1272.87
1461.12
1299.35
1324.92
1368.36
1316.23
1302.97
1354.05
1368.08
1436.9
1330.56
1338.36
1325.99
1378.62
1339.2
1358.49
1459.67
1394.34
1356.69
1342.68
1333.32
1371.53
1343.87
1399.57
1472.08
1440.28
1310.86
1380.11
1368.47
1340.33
1347.26
1434.25
1438.88
1395.84
1399.07
1405.45
1389.19
1465.6
1493.07
1437.76
1399.22
1386.95
1493.04
1409.31
1402.51
1352.03
1466.48
1415.56
1493.13
1389
1345.32
1360.15
1359.38
748.815
7654.11
1078.99
4826.21
11790.7
535.975
41621
584.446
33665.3
600.574
1317.56
1369.23
1339.01
1360.94
1384.45
1429.05
1302.8
1293.82
1320.57
1257.54
1289.74
1263.64
1289.79
1341.8
1299.33
1309.52
1312.69
1177.01
1257.96
4727.47
5281.1
12310.5
73852.4
11058.1
7515.81
6957.93
6194.44
5340.2
4747.8
4019.76
3338
2690.37
1974.36
101.684
6290.96
13495.3
10009.7
1014.76
944.245
716.24
6744.8
841.509
4182
1113.35
706.989
5541.65
13174.7
497.005
33852.2
506.577
32869.3
593.738
34221
513.883
31170
548.233
31314.9
534.932
34365
589.848
32844.1
485.217
34546.3
499.801
32790.4
564.29
31813.9
31855
32024.6
31890.6
35096.1
507.94
32991.8
567.898
33028.5
561.754
593.016
498.969
493.858
27660.9
26891.3
565.994
563.428
491.572
500.002
492.013
571.356
26125.7
586.711
592.474
485.288
484.576
492.775
467.817
473.571
26074.2
520.319
482.512
559.098
593.768
568.339
578.843
542.45
25852.5
574.774
559.84
479.404
482.632
488.776
485.238
480.276
501.154
479.946
1236.83
1278.81
1342.31
1247.82
1294.83
1351.06
1398.45
1223.32
1250.88
1244.49
1211.99
1205.06
1245.53
1296.96
1360.74
1343.25
1200.01
1216.88
1211.07
1280
1258.24
1281.18
1344.66
1243.88
1279.35
1240.81
1237.97
1280.66
1270.51
1259.42
1267
1293.24
1244.12
1266.33
1266.85
1242.16
1238.23
1269.03
1264.4
1300.17
1326.78
1241.52
1243.61
1237.05
1231.82
1267.27
1271.09
1315.94
1251.9
1287.88
1283.58
1301.6
1309.77
1265.6
1278.74
1233.05
1311.06
1272.67
1290.63
1280.79
1258.59
1212.17
1261.56
1344.05
1245.88
1277.98
1253.74
1220.89
1245.87
1267.89
1191.54
1257.83
1285.13
1196.97
1275.39
1300.5
1270.34
1310.61
1296.77
1206.38
1261.11
1272.39
1303.01
1269.97
1293.25
1315.55
1353.59
1278.6
1251.01
1312.28
1263.78
1320.16
1336.44
1253.91
1319.44
1288.88
1340.42
1986.21
1333.98
1254.01
1414.34
1351.45
1261.05
1283.88
1294.11
1295.71
1328.58
1341.72
1266.73
1264.43
1309.97
1366.53
1269.88
1312.01
1274.99
1296.29
1263
1287.36
1269.51
1272.75
696.695
1007.52
1878.25
1920.92
1804.09
1980.51
1935.33
1828.78
5501.6
1853.31
2017.63
1919.11
1883.55
1963.86
1903.56
1953.63
1942.34
1950.44
1868.96
3193.83
1864.14
3279.55
1768.46
3061.13
1937.52
6590.81
1761.76
1719.03
1936.32
1836.76
1905.54
1889.98
1993.13
1883.49
2006.09
1900.43
1885.24
1898.74
7526.72
1799.26
1850.66
1765.73
2869.52
1912.98
2108.49
2087.2
1897.15
1967.17
1988.48
1887.83
1978.5
2072.87
1911.78
1771.79
1714.24
4366.75
1930.69
1942.33
1935.16
5925.28
1898.57
2085.2
2057.84
10363.4
9737.51
1215.01
4275.01
2227.58
11622
37927.8
33488.7
31936.4
32106.6
31494.8
32632.4
31198.1
33002.5
32730
33003.5
31057.3
1234.84
1226.38
1295.29
1247.8
1266.99
1297.58
1256.17
1320.09
1322.69
1337.25
1430.86
1368.53
1355.88
1369.38
1307.32
1322.8
1275.38
1286.58
1367.43
1288.46
1337.59
1286.45
1237.83
1241.08
1242.71
1258.94
1297.18
1233.96
1236.95
1163.57
1229.19
1311.58
1272.94
1296.57
1295.98
1490.39
1311.36
1367.38
1381.86
1398.27
1330.13
1339.54
1470.89
1400.71
1394.42
1308.57
1433.43
1330.56
1351.06
1503.42
1343.47
1305.82
1344.29
1388.12
1381.63
1316.54
1362.85
1380.43
1346.62
1423.79
1298.3
1412.5
1397.58
1382.55
1369.69
1530.11
1403.58
1357.57
1376.45
1472.29
1350.91
1389.66
4726.12
11482.2
630.422
30831.1
13362.7
1291.68
1263.31
1245.99
1234.72
1258.13
1277.51
1252.36
1285.15
7766.35
9560.76
678.082
29044
662.526
31591.5
532.908
31265.7
648.493
31250
526.373
31105.3
631.034
32034
640.305
23868.2
617.773
18649.9
520.499
18587.6
520.208
19458.7
641.097
18508.8
605.696
18457.4
524.869
18518.3
612.16
18854.2
609.955
18596.1
618.465
18414.8
527.325
542.86
547.802
615.568
630.302
519.196
509.995
15106.6
604.863
496.804
594.71
569.151
606.717
641.999
521.883
15534.3
564.049
512.07
502.988
496.063
605.946
545.607
494.038
15334.8
534.642
494.709
547.792
503.379
512.932
525.22
566.194
4669.34
626.433
956.764
4660.66
10596.6
646.449
28349.6
25421.1
542.199
33869.7
577.541
32053.3
605.755
31193.7
569.702
31471.3
557.514
32253.6
601.756
32382
662.045
31787.8
528.157
31546.1
524.138
32069.6
556.532
33224
516.76
31554.9
612.02
32512.9
511.899
32585.9
592.034
32949
525.1
626.093
602.277
510.085
509.694
27600.2
554.688
609.013
622.022
503.811
622.754
652.433
28048.4
501.586
505.875
486.771
496.864
478.683
27244
599.361
526.202
496.484
609.062
511.859
580.577
28058.8
584.055
587.283
642.159
507.479
580.928
510.746
23070.2
575.606
561.744
503.851
582.653
627.646
617.332
1312.83
1368.91
1245.24
1272.61
1335.23
1344.26
1285.36
1363.8
1315.54
1266.07
1367.37
1276.32
1294.35
1361.09
1298.85
1398.16
1408.6
1338.41
1458.31
1336.32
1374.23
1418.25
1340
1332.08
1320.6
1274.36
1372.58
1252.26
1342.66
1322.36
1370.24
1356.74
1352.73
1257.9
1367.67
1326.16
1380.37
1282.44
1361.73
1328.48
1297.97
1295.93
1224.56
1298.38
1292.57
1311.39
1322.38
1457.76
1287.35
1282.68
1277.41
1253.31
1425.62
1384.9
1276.13
1334.18
1385.77
1343.88
1258.08
1271.88
1438.83
1357.92
1341.54
1317.44
1259.96
1256.13
1275.75
1273.03
1379.69
1253.94
1307.51
1258.01
1249.68
1250.6
1177.64
1254.21
1329.01
1297.05
1338.4
1306.72
1241.2
1266.94
1276.05
1264.18
1334.73
1314.27
1246.74
1329.63
1324.3
1298.19
1323.58
1306.13
1333.51
1314.43
1299.71
1329.73
1316.04
1305.53
1326.1
1349.81
1421.87
1331.75
1301.91
1310.45
1287.03
1335.81
1339.56
1319.03
1448.66
1364.5
1343.17
1286.06
1361.3
1332.91
1304.28
1328.4
1389.18
1487.62
1339.2
1337.03
12093.4
1457.06
4518.54
11651.4
478.202
36447.7
529.279
32110.9
575.986
30990.1
473.912
32285.9
473.32
30425.1
469.982
30553.6
530.382
30563.3
594.098
32170.9
634.933
30552
554.517
30413.5
563.929
30648.2
552.813
32225.2
612.761
31191
492.394
31679.9
593.797
31488.7
596.835
26691.5
487.563
593.066
503.48
570.955
605.134
503.6
477.34
26726.7
603.23
495.872
487.984
483.875
542.45
487.984
26023.1
486.35
567.858
544.625
495.25
472.238
498.789
551.68
25674.9
481.158
592.355
555.911
531.263
475.927
573.24
570.164
24805.5
505.374
589.799
497.175
541.467
570.153
637.177
487.603
24623.5
508.071
512.179
569.402
565.161
533.218
533.118
591.532
24702.3
591.031
511.708
633.048
513.713
588.546
579.565
648.343
25957
555.229
563.728
572.479
653.435
537.949
522.093
613.012
28388.9
602.628
514.174
576.448
636.436
568.44
563.047
574.553
26948.8
593.036
580.527
597.507
615.858
560.561
594.66
536.727
27025.7
576.007
576.467
545.847
535.153
534.612
502.047
518.294
26658.1
541.978
521.691
489.397
538.28
491.532
476.929
481.459
26719.4
631.194
622.023
634.121
589.999
638.791
670.364
599.08
26435.1
624.148
545.927
581.5
551.51
497.355
585.779
562.896
24959.9
490.039
610.355
573.982
486.551
493.136
531.705
568.069
25259.2
498.468
514.034
555.509
516.189
649.636
628.678
503.279
26665.6
548.434
493.617
490.159
501.395
574.503
587.974
584.717
26575.3
618.986
492.796
515.256
493.256
484.606
484.065
505.955
26341.2
474.012
570.193
510.346
588.445
554.858
561.213
527.846
25719.3
496.544
490.851
498.438
505.875
604.191
537.839
532.296
24931
554.848
574.473
625.662
587.774
600.403
513.503
537.639
26046.5
625.21
539.192
545.938
549.516
569.171
500.874
526.653
25269.6
507.88
483.213
503.199
573.481
624.348
607.629
584.827
25739.4
594.009
562.806
533.559
496.423
602.027
576.177
573.912
25456
477.46
497.846
518.144
519.606
578.282
540.525
647.421
25453.4
558.346
568.229
615.127
624.97
642.61
512.841
596.233
25349.7
476.518
463.448
610.657
509.293
526.072
580.688
490.55
25405.6
644.926
477.67
540.565
544.965
511.619
525.541
621.742
25152.5
571.717
629.61
600.774
495.842
476.789
537.899
511.679
25299.3
647.621
640.636
627.265
589.619
598.017
608.161
579.545
25195.4
644.885
605.074
481.489
490.49
499.029
504.963
480.777
25536.7
580.998
586.862
495.993
558.677
548.002
570.594
591.933
25960.6
492.755
476.277
483.263
552.413
642.229
595.783
608.111
26250.8
623.015
609.564
592.154
577.821
585.488
592.495
575.406
25224.7
599.431
626.743
639.844
581.039
512.39
567.718
587.433
25358.9
558.667
570.504
543.642
553.385
604.652
577.56
500.482
25405.1
543.081
491.191
529.941
538.41
630.533
585.519
590.329
25668.8
481.279
475.426
540.876
559.81
601.135
522.794
538.36
25735.1
509.484
557.363
584.967
489.177
558.887
494.028
519.888
25403.9
626.924
587.222
593.277
602.508
613.403
492.294
626.413
25788.3
589.749
534.321
523.807
511.168
533.649
528.407
582.772
26186.5
558.687
526.542
533.87
614.926
619.827
635.433
492.996
24859.9
604.733
578.563
585.429
556.742
581.028
493.888
518.274
25926.8
501.785
497.485
492.364
494.309
487.293
587.824
573.04
26531.1
538.831
504.362
503.82
600.593
603.76
617.692
616.931
24976.3
488.325
489.407
525.681
504.362
491.863
521.711
503.039
25037.8
585.609
489.869
598.949
521.411
518.615
521.521
571.877
24938.1
548.293
535.222
560.722
584.716
585.439
615.398
523.837
24988.8
530.963
579.685
594.419
623.196
602.699
487.483
598.078
24822.8
568.69
564.28
572.91
653.655
598.629
603.299
605.023
25020.7
538.32
493.868
606.307
518.695
509.424
527.314
502.116
24876.3
494.118
537.448
558.025
497.836
492.865
510.276
490.7
25067.1
584.536
536.777
592.725
537.548
512.991
489.718
503.68
573.22
1300.95
1359.45
1298.12
1284.79
1310.39
1300.98
1294.22
1259.13
1353.84
1398.35
1300.55
1271.17
1296.85
1269.45
1309.99
1295.07
1350.69
1311.06
1337.61
1321.87
1257.27
1281.45
1321.8
1282.82
1338.32
1304.24
1399.74
1253.26
1301.82
1290.49
1287.49
1431.83
1306.54
1324.98
1284.38
1309.01
1282.61
1275.39
1351.86
1277.44
1303.3
1229.69
1256.52
1295.12
1280.03
1214.57
1405.11
1296
1268.25
1283.91
1322.93
1344.03
1241.88
1327.04
1299.67
1273.39
1296.12
1284.6
1269.76
1270.35
1308.31
1369.18
1254.66
1272.64
1266.13
1191.67
1236.55
1299.48
1349.23
1284.77
1297.46
1236.15
1282.37
1264.18
1274.75
1276.73
1414.91
1220.22
1286.22
1322.49
1284.51
1262.33
1265.72
1311.52
1299.84
1265.16
1334.72
1285.9
1235.83
1243.19
1281.51
1407.33
1256.37
1263.03
1245.04
1243.95
1263
1252.19
1363.43
1318.49
1233.41
1249.47
1283.88
1251.32
1247.71
1312.65
1409.25
1339.79
1329.8
1303.98
1246.88
1242.69
1339.51
1432.66
1284.17
1289.3
1294.95
1294.6
4697.53
1036.78
6150.36
4960.82
10341
595.151
14409.4
1675.51
5274.79
1436.46
4563.46
508.341
23889.3
537.107
26623.2
25550.1
26475.1
26017.8
26298.1
25621.2
26634.4
25882.1
25233.8
25347.7
26396.8
25791.1
26523.3
531.615
25687.9
26667.2
26111.7
15639.2
511.939
16562.7
600.252
15546.2
499.32
16753.7
586.952
483.063
567.878
579.736
15376.1
524.007
567.357
593.868
551.801
570.203
490.961
483.974
15577.2
522.063
507.579
531.084
512.09
608.392
547.541
575.105
15666.2
478.663
557.664
547.12
491.532
483.914
579.134
483.734
15493.7
499.02
647.07
496.674
563.618
564.59
494.329
517.041
15630.5
574.523
535.584
494.499
477.64
589.478
493.487
626.934
15696.3
498.579
570.575
517.853
588.716
609.163
577.169
588.104
15818
551.44
637.288
482.12
512.731
480.527
568.579
596.463
15818.4
480.006
588.134
600.664
505.675
554.678
606.467
514.214
14934.5
547.952
552.923
622.864
525.3
476.588
524.518
563.318
14919.9
525.15
590.48
603.921
509.493
499.801
570.053
565.061
15002.5
580.387
490.711
584.015
528.246
579.175
494.829
480.146
14954.7
546.158
4366.59
580.306
816.18
4531.32
704.262
46936.4
8507.45
4764.1
4127.22
3478.99
2830.45
1980.18
954.719
7573.52
722.023
1054.98
7993.26
4650.31
509.363
4414.02
16641.3
1773.05
4639.89
32228.4
3511.29
2636.41
1969.21
1081.85
805.585
1147.67
1324.36
10963.7
11473.2
595.06
34712.8
626.113
33790.9
647.22
32879.8
500.873
32727.3
611.799
32149.2
553.395
33147.8
621.742
31925.7
543.292
31363.3
572.238
32799.7
667.437
33594.8
31972.7
31943.2
579.094
30893
496.855
31299.9
572.909
34929.3
32614.8
476.829
564.03
554.537
501.755
490.189
590.791
27755.1
503.119
588.295
502.828
512.511
593.948
25114.4
577.54
506.166
493.888
500.743
595.912
596.414
25101.1
625.711
635.444
622.864
553.204
533.198
496.003
492.043
25301.1
544.324
569.812
576.788
573.571
612.06
617.001
603.7
25047.1
601.816
603.67
627.666
613.513
585.749
602.528
639.884
24981.3
575.184
577.931
521.471
479.395
587.423
568.77
473.701
26701
490.32
504.964
509.263
637.508
583.374
497.306
493.347
26659.5
497.386
573.742
517.191
571.446
479.123
508.151
507.789
26757.4
616.25
490.289
533.94
507.749
541.898
484.145
585.699
26837.7
473.811
609.865
657.204
676.849
493.016
558.086
491.853
25104.9
520.469
490.399
624.137
497.997
495.993
584.897
557.674
25167.1
608.401
505.975
515.067
485.138
487.172
499.842
563.678
25058.4
484.516
501.716
607.469
561.363
585.338
487.042
496.483
24986.3
500.803
549.235
601.024
572.99
472.107
539.422
624.078
24950
616.49
584.536
589.829
638.561
620.038
510.436
639.243
25310.9
511.187
522.945
519.918
514.706
571.346
592.355
558.387
25796.8
594.7
588.224
585.038
542.409
570.495
597.657
598.017
26175.9
652.543
544.074
529.64
587.935
587.563
600.834
552.944
27088.5
484.856
493.326
590.28
499.199
612.641
592.104
510.887
27422.1
549.305
571.607
662.576
541.156
484.947
586.02
498.188
27075.8
504.803
506.957
574.975
596.884
573.771
586.23
581.73
27460.5
480.918
514.555
615.878
594.52
562.806
617.182
507.509
26719.7
602.839
575.205
557.194
520.088
612.871
604.562
554.086
25948.6
635.043
600.864
517.913
554.437
574.383
595.342
486.38
26018.5
585.048
502.447
513.353
580.176
592.284
500.413
508.08
26862.6
506.226
500.954
512.01
589.278
499.531
627.706
574.012
27257.9
499.892
566.785
608.592
560.281
579.345
641.127
610.055
27142.3
501.775
590.961
500.904
587.804
586.861
607.96
626.864
26135.8
616.52
512.791
628.177
497.787
498.388
494.96
552.002
26101.2
609.845
645.757
614.505
665.974
653.014
630.593
585.699
25935.8
557.504
493.477
517.041
530.051
485.007
545.065
637.278
26021.1
602.778
630.242
625.11
522.785
498.559
520.729
635.043
1302.39
1366.28
1319.12
1413.43
1268.59
1324.43
1283.55
1293.3
1275.42
1370.14
1286.89
1377.76
1271.45
1298.34
1288.47
1315.98
1325.65
1299.34
1328.79
1436.5
1279.07
1326.24
1313.27
1329.23
1356.26
1392.44
1301.06
1392.34
1326.47
1370.43
1274.53
1357.51
1282.6
1321.42
1317.33
1279.42
1329.33
1304.32
1305.13
1296.15
1290.24
1433.18
1311.68
1333.89
1350.03
1371.48
1379.81
1311.76
1340.7
1314.29
1266.7
1318.99
1289.59
1266.56
1260.64
1303.68
1292.31
1283.13
1268.86
1308.54
1328.09
1387.25
1282.41
1239.59
1295.27
1263.31
1322.79
1284.67
1345.33
1270.49
1326.28
1346.41
1349.76
1478.68
1293.81
1325.3
1340.27
1319.35
1376.04
1254.28
1314.11
1293.72
1367.18
1315.07
1306.89
1326.21
1294.92
1319.97
1276.95
1388.22
1448.62
1300.65
1262.89
1354.95
1322.57
1392.12
1370.73
1445.11
1351.83
1276.59
1272.46
1297.09
1326.88
1303.12
1367.47
1317.35
1405.9
1265.19
1301.78
1399.81
1278.62
1290.69
1335.89
1404.13
1295.52
1267.69
1318.02
1324.98
1457.06
1295.13
4737.09
12083.7
528.246
4575.64
14083.1
535.994
35051.5
570.163
35582.9
552.422
34381.9
548.855
34074.6
581.94
33855.1
496.193
35130.1
547.601
15120.1
1160.63
1209.28
1240.56
1305.04
1235.84
1273.66
1288.51
1240.13
1252.84
1288.43
1205.68
1249.61
1227.11
1264.88
1191.04
1223.32
1210.07
1226.43
1184.18
1281.45
1223.33
1276.88
1183.99
1235.25
1242.44
1200.72
1223.76
1361.43
1218.76
1267.18
1228.39
1253.52
1197.27
1258.17
1212.71
1337.23
1256.75
1325.56
1273.42
1229.08
1217.26
1226.12
1205.68
1224.34
1284.11
1252.96
1248.29
1264.41
1257.84
1228.4
1214.14
4831.18
12942.9
25905.6
26043.8
24814.1
25919.2
26165
25469.7
25496.6
25927.1
25980.1
25473.6
25070.7
26082.7
25858.2
25950
25499.4
27002
26698.1
27526.4
26848.5
27162.4
27094.6
626.904
544.263
610.607
597.206
26842.4
601.065
565.332
516.73
513.132
491.341
608.732
601.015
27231.3
519.666
547.922
620.54
577.26
493.366
493.096
593.838
25963
516.299
596.865
608.442
530.683
525.942
530.482
510.004
25645.1
579.364
635.324
554.988
584.096
542.901
514.225
622.334
25827.8
640.255
595.241
521.221
507.088
504.402
498.88
481.72
27038.2
488.656
609.404
478.141
563.798
530.071
591.132
575.135
26000.6
619.587
677.461
538.841
554.387
615.708
625.119
586.441
25700.8
587.964
605.926
571.296
587.693
533.91
482.572
492.444
25740.2
636.095
630.503
622.914
502.518
618.564
602.878
562.575
25463.8
596.574
626.603
596.875
666.054
620.89
528.016
582.541
25697.4
590.49
596.444
508.762
528.708
668.23
604.362
588.315
25653.7
591.623
14033.2
13373.8
17802.6
15103.7
583.063
15249.7
11543.8
539.964
20863
1242.03
1381.05
1312.63
1350.39
17712.3
16733.4
12318.9
613.382
27766.2
497.165
31729.5
533.819
31924.2
559.88
34771.5
492.525
31026.3
501.595
31734.1
581.109
22633.3
531.875
20933.2
564.33
18776.3
607.309
18754.1
531.645
20011.5
611.87
20823.1
653.275
19439.2
513.763
18586.3
509.003
19209.3
523.125
20962.5
535.834
572.599
595.802
601.255
678.022
622.013
578.132
15635.4
640.585
528.377
617.412
524.609
626.854
603.841
521.792
15988.2
662.216
635.023
512.13
618.314
629.13
604.643
523.155
15092.2
683.415
510.275
650.839
514.495
595.602
593.357
507.088
14775.6
18636.6
13053.5
22886.9
32207.6
623.035
33463.3
648.604
33434.7
535.343
33827.1
532.867
31259.1
632.226
26117.6
1257.23
1331.45
1291.27
1244.7
1307.21
1241.22
1299.26
1264.03
1254.52
1254.4
1256.08
1254.7
1276.88
1346.26
1278.37
1270.71
1282.31
1331.29
1278.57
1284.42
1312.11
1337.07
1537.47
1274.72
1274.35
1365.24
1319.4
1357.73
1388.16
1337.88
1316.9
1316.97
1339.47
1241.15
1259.73
1426.83
1337.34
1285.06
1335.86
1289.82
1322.09
1326.32
1314.87
1300.67
652.553
12321.5
16916.2
19923.1
492.454
16364.7
36326.9
5044.27
1506.53
14485
17793.7
21755
15517.4
15366.2
1250.72
15799.7
17464
26909
27198.3
26251.9
25125.2
25205.5
25420
26893.9
26199.8
25220
25953.1
25114.9
26812.6
536.606
25438.8
25757.2
25491
25628.3
26963.2
27392.4
26670.2
26353.7
12093.2
582.251
1324.29
1371.14
1368.05
1262.22
1274.59
1276.35
1414.35
1280.22
1266.47
1380.55
1313.24
1296.3
1266.01
1245.85
1387.14
1247.54
1266.02
1240.89
1249.86
1258.15
1254.85
1273.3
1243.33
1279.65
1251.71
1235.38
1310.66
1255.99
1272.14
1232.75
1243.27
1270.96
1324.45
1250.44
1311.91
1279.24
1255.32
1241.84
1283.23
1330.88
1273.98
1298.71
1364.2
1378.46
1271.99
1233.92
1249.86
1270.69
1324.73
1246.81
1275.94
1315.48
1517.91
1303.64
1258.47
1294.92
1256.06
1269.1
1355.07
1300.47
1228.77
1315.89
1236.18
1243.6
1261.42
1348.12
1316.15
1227.06
1225.15
1234
1315.4
1285.49
1284.85
1280.26
1299.23
1218.35
1246.96
1216.11
1235.98
1255.71
1344.91
1253.41
1240.61
1213.75
1219.87
1224.99
1226.66
1277.49
1298.77
1282.26
1299.15
1247.03
9015.71
17886.8
22648.3
8695.24
10881.2
14134.8
16031.2
32816.2
1495.84
627.255
54165.8
1313.4
1277.64
1406.41
1291.86
1323.3
1332.03
1358.01
1384.25
1260.76
1342.36
1290.98
1309.4
1340.76
1360.94
1371.98
1381.87
1370.04
1436.63
1372.28
1332.57
1355.37
1372.84
1423.97
1385.12
1433.94
1290.29
1389.22
1324.12
1378.81
1459.87
1350.34
1348.9
1366.26
1475.66
1308.65
1351.4
1334.38
1365.93
1296.89
1305.87
1407.28
1310.43
1381.23
1343.76
1440.49
1408.59
1611.24
20970.8
16015.9
17304.9
558.467
48760
36454.7
558.787
35723.3
547.781
35888.7
672.479
35461.9
577.39
35992
636.165
35344.6
636.606
35366.7
534.802
35272.2
647.962
33996.9
658.617
34948.6
549.465
34848
638.13
35632.5
641.979
33811.1
586.401
34669.4
643.352
34293.4
638.752
644.074
639.854
555.279
544.404
544.955
637.178
28122.4
554.738
646.028
561.624
551.19
655.34
640.966
562.636
27932.5
573.12
669.582
556.632
582.863
653.245
635.724
645.878
28128.2
550.408
554.899
643.743
545.596
635.925
549.495
654.106
31074.7
671.988
669.713
588.466
641.117
672.258
689.318
666.104
31400.1
711.94
642.209
636.967
557.153
564.46
572.659
662.205
28379
672.469
580.116
665.593
658.788
949.747
745.537
802.398
29797.4
553.585
553.235
574.272
620.861
651.431
871.197
667.558
29674
732.527
653.565
630.352
568.269
645.988
659.439
575.977
28843.7
544.544
697.015
660.05
640.666
659.8
705.204
560.882
28700.1
656.853
670.344
642.941
569.682
655.64
570.284
695.632
27715
655.971
684.597
634.231
630.522
539.342
542.029
639.042
27116
677.831
556.071
549.767
565.993
538.881
550.217
639.142
28409.5
644.475
542.44
669.963
659.328
638.671
552.493
571.416
29830.6
565.663
590.771
689.428
692.725
719.878
675.105
668.199
28217.6
651.46
660.671
659.91
638.411
556.441
550.989
606.969
28925.6
677.33
647.391
718.344
592.043
746.56
680.528
621.241
29979.8
684.747
658.156
697.957
661.624
747.191
569.492
743.784
26741.6
721.412
604.121
637.559
675.526
593.006
701.686
711.409
27521.2
715.488
565.072
664.661
598.378
558.316
606.306
648.453
29400.7
625.721
551.711
571.727
543.912
617.803
648.755
670.735
28689.4
669.793
561.734
659.209
563.939
643.923
581.399
697.757
26933.5
568.68
642.359
553.054
666.174
648.163
538.361
691.132
26959.5
663.408
653.295
576.368
691.934
565.403
608.572
564.44
26225.3
604.322
637.458
657.976
579.726
624.949
692.295
663.107
27414.6
660.472
647.913
656.051
579.976
613.693
540.335
555.359
28274.8
644.635
613.313
626.814
564.2
563.387
640.726
651.841
27901
608.963
638.681
659.85
563.087
597.887
644.204
660.15
27377
536.686
580.187
553.495
629.15
536.997
571.557
655.51
26298.9
639.793
666.936
678.523
540.966
622.424
634.993
544.103
26069.6
643.713
555.549
574.894
640.806
558.597
632.176
647.923
26381.5
621.752
651.43
629.159
542.931
536.846
628.668
524.949
26109.3
623.637
622.574
550.117
633.961
514.675
609.244
588.436
26457.1
559.027
621.552
518.224
504.883
601.676
519.767
605.956
26314.4
621.491
513.001
513.332
534.821
658.948
646.789
621.502
29522.5
614.846
545.235
631.375
632.296
531.815
532.316
535.473
29311.1
525.55
620.71
653.796
631.735
628.628
520.609
621.933
26402.2
659.69
667.166
571.346
514.335
610.296
510.035
600.383
26576.5
573.05
592.805
604.121
498.077
523.326
525.15
574.684
26702.7
515.979
641.518
542.129
614.366
612.39
529.86
617.472
27616.6
623.566
540.164
514.996
516.209
629.931
513.353
517.222
27320.2
564.451
613.372
533.128
592.535
639.202
597.686
588.656
28853.2
521.551
519.667
558.266
613.233
494.509
606.547
624.148
27132.8
620.369
526.904
606.558
549.114
613.934
628.247
538.149
26326.1
579.555
620.369
534.942
520.789
535.113
617.633
517.823
26352
495.802
621.932
536.756
520.729
533.098
612.511
531.023
27229.7
529.119
628.427
633.369
610.055
607.599
504.943
517.933
27671.5
512.21
618.896
529.46
617.272
617.071
529.56
611.609
25995.8
539.924
599.641
529.169
525.701
635.935
553.254
567.306
27471.7
594.6
627.676
521.23
610.396
585.95
641.167
616.109
27352.1
608.271
515.978
614.535
513.583
602.408
580.617
608.442
28815.6
613.122
531.274
648.524
649.356
626.663
527.395
499.61
29502.6
609.464
521.04
579.255
730.052
501.836
560.822
551.109
20798.6
492.474
596.063
513.783
595.582
613.112
592.234
544.454
18473.4
598.779
504.532
533.73
495.982
595.341
510.265
626.864
19792.8
517.162
614.997
509.904
610.777
553.384
530.632
602.007
19979.5
618.945
594.238
516.429
586.16
564.129
518.985
609.725
18991.4
609.924
607.76
532.496
633.549
513.242
625.31
603.901
20875.4
521.582
497.646
491.282
594.669
514.034
596.925
622.164
20542.7
597.807
508.391
493.025
613.363
562.797
581.56
609.995
19815.9
526.092
613.874
600.253
497.205
611.96
530.673
577.881
20936.4
495.371
487.653
596.784
504.432
500.623
626.373
580.567
20379.7
506.817
623.115
517.672
530.993
600.193
529.891
488.235
17940.8
539.102
507.149
597.296
594.961
510.005
574.794
484.677
19605.9
544.093
598.148
586.12
516.61
537.538
498.549
612
22034.2
647.561
534.261
592.094
556.372
599.24
606.697
504.472
18699
517.091
611.018
518.995
622.414
511.118
503.4
628.909
20403.4
631.254
497.306
616.41
614.605
614.746
604.883
598.459
17885.2
16976.3
23146.9
642.77
30499.1
538.741
31660.2
601.936
31727.6
609.383
32844.6
498.839
31578
568.299
31263.6
585.97
31484.4
503.56
32773
488.184
31965.1
489.267
31368.4
602.999
32851.3
529.259
33350.9
611.499
31372.2
595.311
32927.6
500.693
32737
513.022
33195
489.898
583.103
603.4
507.489
503.991
507.499
514.946
27068.3
494.69
551.42
576.658
495.631
508.682
534.561
585.408
27051.5
493.808
498.839
622.073
599.972
594.921
798.81
652.282
27573.3
499.812
543.251
478.853
583.043
483.484
580.918
578.012
27369.2
495.141
486.651
592.274
599.631
556.211
590.34
583.704
27260.9
601.586
648.033
621.511
498.077
518.675
498.609
602.247
27382.2
486.2
490.209
495.541
618.485
489.969
624.739
512.701
27022.9
578.843
594.449
504.793
586.661
523.496
588.396
501.625
27463.5
608.572
543.061
619.266
581.178
527.435
616.259
541.267
27223.2
637.468
588.365
563.829
570.384
517.211
579.284
584.516
27041.7
494.118
605.696
490.76
582.301
513.192
611.589
508.853
26445.4
619.928
760.973
601.365
641.237
660.892
699.862
626.172
29765.3
646.389
581.63
531.013
596.163
776.769
584.516
577.3
29715
576.879
545.196
619.567
585.639
561.012
563.829
599.541
29671.9
489.677
574.523
603.2
610.577
512.119
541.798
613.142
28890.7
610.105
573.652
497.024
612.551
599.2
530.713
510.325
26361.1
549.235
592.214
496.995
604.913
556.973
629.801
605.845
26554.4
471.376
589.007
520.038
578.152
581.88
591.542
623.797
26978.5
606.818
609.624
502.818
546.549
514.866
631.484
551.119
27286
538.079
514.746
516.249
654.107
582.181
518.104
629.53
28066.7
502.648
564.631
595.362
532.948
605.986
548.664
477.56
27396.1
557.083
536.916
631.054
593.738
616.51
575.746
507.579
28440
535.494
501.846
517.753
583.304
515.708
650.188
665.603
28461.1
592.885
488.315
563.929
617.923
552.503
629.389
651.671
26651.3
613.192
630.924
629.931
660.982
607.068
649.647
605.144
27115.6
582.492
536.766
522.484
553.735
540.946
642.711
531.825
27641.2
544.655
507.629
506.016
509.163
526.402
600.363
506.527
27567.7
543.161
494.269
591.673
617.011
615.818
641.718
637.479
27086.4
590.811
595.492
605.494
616.73
627.506
583.084
583.023
26710.1
501.625
525.801
502.087
518.324
595.903
614.205
597.767
26304.9
631.375
625.731
644.966
638.04
597.998
616.981
612.831
26980.9
493.286
497.776
496.754
515.668
581.099
510.425
511.348
26293.5
525.511
581.529
500.002
603.8
565.522
506.216
499.952
26444.7
533.91
540.335
518.985
662.236
645.547
684.808
576.548
26607.5
591.573
542.089
636.416
564.28
608.141
655.179
637.318
19519.5
633.57
607.57
655.6
651.771
676.739
1324.67
1455.75
1394.76
1312.36
1262.55
1298.54
1383.35
1372.46
1348.08
1423.58
1406.4
1340.32
1322.09
1295.23
1429.27
1366.54
1353.29
1418.19
1398.22
1343.15
1351.09
1328.01
1320.7
1292.81
1317.45
1427.51
1391.66
1278.51
1370.62
1335.66
1422.9
1305.61
1293.27
1458.42
1359.5
1343.2
1378.57
1320.73
1384.35
1379.46
1267.43
1424.48
1408.51
1308.88
1383.99
1315.24
1385.67
1348.77
1293.83
1399.95
1381.72
1262.66
1338.79
1296.06
1445.33
1351.34
1320.96
1395.93
1332.15
1269.88
1346.02
1277.86
1345.89
1251.7
1307.48
1327.9
1301.92
1272.32
1279.84
1309.27
1411.03
1304.45
1317.3
1398.79
1295.44
1298.43
1268.22
1336.64
1355.08
1350.76
1290.52
1397
1304.31
1278.24
1301.56
1309.99
1416.46
1332.46
1260.7
1369.24
1303.69
1246.62
1295.27
1256.23
1381.94
1302.57
1448.42
1476.92
1307.69
1288.46
1264.47
1284.29
1381.29
1279.03
1312.31
1430.4
1355.92
1344.06
1288.29
1292.99
1377.23
1326.71
1325.96
1430.64
1325.64
1353.2
1293.25
1316.36
1396.01
1229.17
14826
10733.1
15808.6
34506.1
8681.9
15132.8
20741.6
630.803
38000.2
26602.4
541.167
35154.3
498.137
28201.7
1344.14
1344.94
1295.33
1324.54
1235.52
1336.18
1384.72
1364.74
1280.82
1293.12
1336.28
1350.61
1361.21
1338.75
1322.39
1416.38
1235.95
1277.92
1246.89
1304.41
1314.6
1331.63
1332.06
1297.37
1343.93
1332.81
1293.99
545.125
97193.7
34547
26818.3
34495.1
539.433
34571.2
539.041
33320.6
32756
521.551
32814.8
534.922
34515.6
617.573
522.233
613.603
596.945
523.476
21503.3
574.624
540.415
582.512
567.257
579.715
1295.97
1287.18
1261.11
1257.08
1253.75
1321.94
1234.86
1265.38
1250.13
1239.01
1317.12
1305.16
1314.84
1338.94
1376.1
1345.3
1373.83
1324.58
1355.04
1344.64
1339.35
1346.46
1324.83
1319.31
1352.21
1330.62
1257.75
1272.89
1296.9
1341.87
1337.11
1307.01
1289.47
1332.15
1261.51
1299.04
1244.29
1280.06
1378.12
1310.64
1252.46
1297.64
1329.38
1308.38
1287.92
1266.34
1299.04
1315.28
1344.4
1309.18
1353.03
1296.84
1291.31
1301.92
1341.96
1305.7
1320.27
1320.56
1369.49
1375.81
1329.29
1337.2
1371.43
1374.55
1373.05
1376.52
1330.88
1333.04
1369.94
1336.92
1315.96
1252.31
1286.96
1361.87
1344.56
1296.6
1332.01
1285.81
1347.54
1349.19
1352.97
1334.23
1322.69
1362.59
1277.84
1294.82
1339.5
1344.85
1306.5
1295.34
1273.99
1280.78
1287.64
1301.84
1355.77
1346.23
1367.38
1329.58
1308.87
1315.53
1375.09
1352.17
1359.93
1345.11
1270.89
1276.86
1316.07
1324.78
1341.63
1340.15
1354.88
1303.29
1324.17
1314.73
1310.82
1309.69
1342.09
1311.76
1334.05
1332.66
19054.3
11797.5
20553.8
645.477
34006.9
617.081
20477.7
1339.56
1254.69
1336.56
1302.86
1336.76
1252.67
1300.49
1275.4
1328.39
1289.94
1315.68
29943.6
33969.8
4871.7
28395.4
28458
16871.8
19378.3
41945.1
33564.1
469.812
31964.5
601.325
30956.6
522.033
32461.9
573.721
32903
585.86
32412.3
510.445
1322.31
1264.13
1286.72
1278.7
1286.04
1247.96
1328.13
1270.61
1308.13
1226.89
1294.74
1321.75
1258.99
1273.26
1345.15
1386.66
1285.77
1297.05
1306.05
1305.31
1304.04
1297.93
1263.81
1260.91
1315.94
1285.79
1294.53
1270.12
1241.36
1281.41
1242.34
1289.61
1257.29
1260.43
1259.7
1274.09
1239.46
1209.31
1258.61
1275.77
1275.64
1260.5
1299.35
1322.18
1372.28
1225.78
1312.26
17893.3
15860.6
29527.5
36599.8
16633.1
12968.3
21378.7
34461.6
608.642
33760.5
588.827
33840.7
505.905
35037.7
524.398
34670.1
545.055
35229.5
520.68
35310.8
523.596
35515
663.327
34662.6
657.896
34599.5
568.179
34653.5
565.212
35968.5
673.31
34800
635.404
35509.3
647.933
35200.6
532.948
35945.4
646.88
633.108
551.32
635.233
635.554
627.174
604.202
28517.7
647.512
674.764
634.522
550.188
594.68
592.555
595.682
29016
636.446
642.45
611.508
537.568
536.626
617.512
605.645
29108.3
548.814
555.7
584.025
551.52
650.117
662.607
18988.5
38505.3
19876.1
26137.5
15254.4
38966.4
2548.16
1874.87
45852.8
11427.6
18217.4
36332.5
617.322
35516.7
558.657
36133.2
511.277
23279
1337.79
1234.26
1286.94
1283.98
1236.22
1251.78
1290.99
1270.65
1318.08
1276.99
1365.28
1266.09
1308.46
1237.89
1260.61
1221.61
1332.36
1217.5
1248.69
1258.15
1262.79
1208.75
1253.29
1258.59
1299.29
1271.14
1283.32
1246.55
28567.1
57627.8
23480.5
15939.3
53384
5038.01
5217.32
3363.8
2586.06
1740.54
25162
28069
13932
32735.2
44529.5
20087
30488.7
33368.3
602.057
33154.1
530.432
1314.25
1438.24
1277.49
1384.13
1304.19
1301.22
1339.79
1303.25
1340.57
1346.43
1299.53
1344.48
1305.41
1378.1
1390.57
1343.78
1389.04
1296.93
1255.98
1345.3
1368.1
1330.07
1350
1321.65
32998.3
42619.9
11193.1
35168.3
639.904
27882.5
639.674
34744
35480.3
647.341
35158.2
542.771
33957.4
534.521
35426.7
2981.36
1323.75
1383.58
1322.38
1387.43
1328.25
1344.7
1426.36
1343.84
1330.06
1295.8
1316.6
1372.16
1313.17
1341.7
1393.27
1330.63
1318.78
1351.72
1391.38
1409.08
1369.81
1356.77
1403.81
1377.15
1412.11
1365.13
1343.43
1356.27
1334.25
1312.32
1314.6
1388.68
1316.98
1367.34
1320.97
1325.7
1432.77
1285.17
1385.49
1342.34
1336.58
1443.74
1371.21
1359.16
1410.09
1477.72
1329.15
1423.96
1307.4
1421.55
1327.02
25896.5
23109.1
19018.9
5183.03
13408.2
689.278
42116.7
34562.1
648.944
34923.5
679.626
24762.1
1465.2
1414.02
1413.45
1349.3
1306.17
1284.83
1402.82
1366.53
1343.4
1336.51
1359.51
1313.54
1301.14
1346.09
1441.1
1332.89
1379.08
1371.44
1361.48
1298.95
1366.51
1331.85
1433.33
1401.77
1345
1304.22
1309.91
1367.21
1281.54
1295.65
28840.7
19826.6
18349.4
37331.4
5041.18
1128.41
22440.2
568.79
36420.6
679.435
21489
1490.47
1323.8
1402.68
1361.89
1404.6
1289.82
1395.39
1362.26
1378.98
1331.02
1387.21
1332.41
1383.92
1376.8
1282.62
1286.88
1303.44
1317.19
1326.21
1372.31
1335.47
1345.49
1314.17
1361.01
1337.59
1334.56
1418.2
1345.23
1293.32
1331.29
1329.49
1322.59
1397.08
1349.03
1353.06
1366.55
1404.51
1368.77
1385.27
1338.45
1378.08
1355.22
1378.56
1324.16
1307.65
1257.87
1299.57
1255.43
1310.31
1312.49
1317.06
1345.1
1432.23
1343.8
1305.85
1348.29
1307.24
1409.97
1293.94
31211.7
63485.3
5390.19
4212.97
3652.19
2859.95
2134.52
805.065
31580.5
13275.6
31053.8
17119.9
29628
14305.4
24968.1
43992.7
33909.6
518.033
33876.7
503.92
33535.2
500.653
32992.7
574.994
33013.4
510.876
32578.8
489.608
32312.8
601.335
33771.6
505.995
32982.9
603.881
32937.4
507.709
32316.1
503.028
33433.7
572.178
33113.6
514.886
32791
513.243
26098.6
594.019
502.147
594.92
501.886
596.975
505.705
599.761
26923.8
583.785
489.026
573.331
513.994
600.734
505.485
25665.3
601.646
500.804
499.591
489.167
573.591
579.054
27047.7
532.016
497.205
581.228
534.611
517.121
586.08
595.963
25236.4
541.067
562.676
504.923
604.151
606.758
614.465
1323.6
1337.12
1229.05
1289.93
1254.61
1208.97
1250.48
1279.87
1247.59
1281.54
1276.44
1290.24
1314.33
1269.67
1338.51
1292.45
1277.11
1288.09
1304.34
1264.21
1272.26
1272.44
1272.42
1263.22
1301.65
1295.28
1353.8
1295.86
1264.17
1295.88
1366.36
1289.31
1293.28
1279.95
1294.62
1277.05
1286.31
1346.49
1391.22
1259.25
1296.81
1332.92
1273.17
1280.47
1266.25
1276.01
1301.8
1421.34
1338.89
1335.25
1386.07
1316.41
1281.73
1346.42
1347.3
1289.57
1338.84
1363.52
1301.5
1310.82
1277.4
1285.32
1342.76
1319.78
1255.98
1295.38
1287.7
1264.92
1291.53
1303.67
1321.56
1282.42
1307.12
1235.12
1270.78
1300.68
1353.89
1365.7
1366.93
1256.52
1258.83
1259.95
1282.43
1244.88
1288.91
1375.43
1278.98
1281.9
1363.52
1314.53
1285.05
1279.26
1299.89
1317.86
1433.9
1279.72
1313.59
1226.8
1331.23
1267.4
1338.89
1282.4
1234.01
1276.55
1227.16
1257.56
1301.28
1258.08
1317.9
1294.28
1290.23
1272.72
1265.79
1260.52
1260.56
1272.22
1368.85
1240
1333.27
1283.88
26729.5
47239.4
100271
5077.82
5119.34
4999.3
5066.85
10358.9
6718.18
5734.74
4844.98
3991.6
3117.86
612.12
254.165
32257.5
17184.5
33693.1
661.434
37671.2
689.158
36525.7
637.268
35530.8
571.045
34339.2
560.41
34003.3
634.231
34714.2
664.13
36805.2
630.944
35890.1
583.755
35768.4
571.917
36187.6
552.032
37163.8
657.605
36553.3
546.098
36526.5
671.076
35370.5
624.288
36206.5
616.2
36004.2
628.146
559.71
554.287
571.226
541.046
618.655
645.898
30101
575.837
653.866
668.54
608.452
650.91
552.262
638.521
30195.5
653.305
659.97
618.094
549.065
629.891
590.049
29691.8
554.047
544.384
558.627
599.732
556.682
559.118
20084.4
14412.4
26803.7
27034.8
100664
5262.81
10249.8
7253.88
6469.18
5611.96
4737.18
4029.66
3205.28
2487.38
1595.94
19636.8
26420.7
16922.2
24430.6
14364.3
31296.7
59627.1
5287.6
12484.4
31553.4
11081.5
19814.7
41475.3
35866.4
36100.3
35606.2
627.346
34488.4
522.634
35134.6
625.441
36475.9
651.12
36557.3
657.815
36791.2
539.192
35723.1
632.787
34802.1
552.282
34769.9
628.898
34190.1
661.083
35258.8
539.794
34931.3
649.716
35505.3
562.916
648.654
671.597
558.877
556.222
567.447
28547.2
643.302
553.204
641.147
676.217
561.103
29801.1
663.278
623.656
537.167
634.782
585.659
931.345
31611.8
770.545
570.123
688.236
616.52
656.682
608.371
12597.3
28471.6
27304.6
17096.7
26491.5
32738.2
27232
685.499
36705.8
515.638
36204.9
557.965
33506.8
536.365
33330.8
533.629
34665
548.293
34232.7
534.25
33469.7
531.464
34669.3
535.593
34715.1
661.193
34338.3
597.736
34465.4
563.658
35859.6
681.239
34939.7
642.119
36070.1
671.968
617.362
501.806
557.474
601.205
29418.3
567.828
598.628
604.052
617.302
612.751
630.863
28909.6
566.174
585.538
556.832
636.476
662.617
622.083
29538.7
575.756
627.415
557.875
667.297
550.548
639.072
29948.2
543.111
538.219
546.609
567.938
536.516
635.533
7648.58
667.197
1396.82
1390.12
1448.05
1341.35
1352.71
1373.99
1340.72
1468.79
1382.77
1414.49
1362.98
1402.91
1344.4
1425.72
1435.31
1301.6
1381.05
1313.41
1330.97
1361.66
1351.08
1318.4
1315.77
1352.24
1298.57
1320.81
1314.03
1390.45
1299.54
1321.66
1325.21
1323.38
1329.2
1342.54
1379.38
1332.72
1397.48
1364.67
1371.57
1359.5
1349.27
1320.86
1369.49
1394.16
1407.53
1365
1655.61
1486.56
1373.62
1350.09
1427.83
1451.71
1413.25
1282.76
1372.32
1477.78
1341.95
1374.08
1400.8
1326.68
1411.69
1315.67
1314.98
1374.34
1350.91
1333.1
1381.96
1383.24
1300.55
1285.11
1339.12
1485.38
1406.8
1378.02
1335.78
1417.86
1360.72
1378.41
1410.97
1447.41
1411.95
1403.63
1390.8
1420.46
1352.74
1387.38
1415.97
1385.72
1337.02
1323.17
1370.31
1342.69
1325.14
1334.28
1350.84
1452.06
1381.04
1307.5
1390.06
1382.66
1301.37
1352.62
1413.14
1412.05
1337.86
1456.31
1473.42
1328.03
1336.69
1366.97
1383.84
1447.16
1368.18
1380.05
1345.19
1329.06
1342.23
1331.42
1323.16
1387
21717.4
13326.2
34867.8
27920.8
31278.9
34092.9
43726.3
5485.23
19838.6
26605.7
16976.5
19173.1
34499.5
653.125
34926.2
637.819
35291
520.96
34919.9
506.005
34480.6
596.775
33853.8
537.759
35603.9
533.82
35000.2
592.515
35932.8
528.617
34647.7
546.298
35519.2
549.105
34173.4
540.415
35161.2
580.096
28386.9
1372.25
1319.33
1473.12
1393.06
1386.36
1433.63
1328.2
1303.71
1300.68
1302.3
1484.9
1337.83
1321.15
1322.4
1289.71
1259.13
1293.72
1277.17
1340.15
1298.09
1298.75
1313.89
1322.08
1290.28
1300.77
1288.25
1364.09
1274.09
1357.19
1298.62
1296.93
1323.98
47635.1
47766.5
3507.64
1963.98
19726.1
32695.8
14941.6
17575.2
33347
546.98
34417.2
494.81
34422.1
598.068
34165.9
496.193
34418.4
533.549
35176
608.261
35042.2
628.999
34636.1
590.601
34472.1
599.26
33668.4
597.056
33193.3
516.881
33397.7
531.343
34008.9
631.384
33955.9
583.073
33237
589.908
33439
512.961
612.39
613.834
621.181
594.88
594.921
597.927
26720.5
596.444
598.198
601.746
632.276
609.244
604.101
511.097
26696.9
524.127
629.861
637.98
568.409
543.492
536.365
27822
602.598
630.292
600.252
526.343
567.838
527.746
35971.1
46997.8
5071.27
5084.29
2288.39
1551.6
30912.4
18239.5
24890.4
32860.9
28395.5
604.353
34952.2
508.22
35086.1
617.552
34915.6
578.342
35173
525.912
35285.5
644.725
35952.2
537.718
35345.7
611.909
1346.31
1306.18
1349.48
1357.01
1322.84
1363.64
1322.63
1327.48
1303.81
1302.11
1314.19
1369.46
1340.21
1380.85
1439.93
1319.77
1304.04
1285
1315.22
1277.47
1303.9
1293
1330.48
1296.89
1339.01
1300.2
1416.05
1318.13
1315.42
1300.32
1301.64
1380.94
1322.82
1303.77
1302.58
1357.21
1421.09
1324.73
1375.22
1345.6
1404.49
1333.37
1328.19
1315.64
5244.94
12871.9
609.634
33687.8
528.487
34291.6
530.482
33348.2
582.753
33428.7
618.444
34848.8
536.446
21694.5
1305.12
1343.69
1352.7
1378.53
1380.39
1420.5
1390.73
1317.6
1383.31
1339.4
1291.57
1323.58
1308.35
1302.78
1295.04
1276.09
1370.26
1263.98
1265.29
1291.89
1241.78
1222.86
1269.42
1304.38
1323.23
1320.01
1314.53
1387.39
1321.72
1277.02
1333.18
1341.4
1299.89
1279.31
1346.24
1278.52
1299.25
1297.62
1254.26
1313.7
1287.4
1324.85
1267.82
1312.73
30095.4
16568
22302.7
30657.1
540.816
34275.7
614.696
34017.2
502.989
33681.7
539.613
33687
506.116
34272.5
507.138
34592.2
513.112
34789.9
505.334
35126.6
527.725
35372.7
614.074
35123.3
510.777
34748.4
502.347
35266.4
515.447
35026.3
504.051
31735.3
1296.43
1339.74
1360.88
1306.69
1346.72
1311.77
1267.97
1289.83
1274.01
1268.91
1273.08
1376.25
1289.47
1289.93
1280.3
1311.86
1305.03
1362.5
1310.07
1375.47
1352.99
1259.8
1310.88
1305.31
1262.35
1297.69
1324.36
1321.54
1347.83
1326.43
1285.23
1295.36
32441.1
47380.6
4988.28
28554.7
31051.8
21728.8
27607.4
21313.2
40786.6
5111.91
5039.08
4444.21
26016.7
13856.4
31174.7
38971.9
34170.6
602.207
22312.1
1314.68
1295.63
1333.62
1279.52
1302.15
1369.52
1342.71
1311.46
1279.62
1286.81
1314.23
1274.53
1284.03
1269.66
1418.78
1317.63
1248.48
1278.75
1266.62
1278.1
1224.02
15957.8
41728.2
4778.38
33429.9
10619.8
16002
35028.2
26947
572.789
33919
614.786
32891.9
607.881
32720.1
526.623
33547.6
628.688
34211.2
531.254
26544.1
1290.03
1300.5
1330.92
1292.54
1351.27
1392.65
1324.39
1342.86
1326.41
1308.47
1339.13
1309.31
1346.1
1310.62
1297.66
1334.7
1272.73
1319.51
1286.48
1343.07
1270.11
1286.26
1359.75
1271.34
1253.47
1282.37
1274.87
1290.45
1285.52
1423.42
1310.41
1304.84
1321.06
1272.53
1342.47
1304.38
1271.53
1394.67
1294.16
1322.73
1334.64
1265.69
1353.69
1282.48
1367.86
1287.33
1283.5
1366.14
1272.4
1226.07
1234.61
1280.81
1440.82
1310.67
1258.87
1285.57
1218.74
1351.15
45973.5
14316.9
25116.2
43922
31699.6
560.952
31848.1
497.095
32864
542.219
32515.3
600.934
30975.7
497.185
33646.8
488.124
32402.2
573.22
32560.4
587.724
31674.5
497.176
31960.2
578.282
32678.9
500.933
33865
596.113
32502.3
527.786
32733.8
612.261
493.797
596.414
1229.17
1309.91
1238.96
1270.75
1289.13
1241.88
1240.03
1299.02
1243.4
1273.08
1273.48
1270.35
1284.27
1309.89
1276.56
1235.88
1314.52
1240.57
1251.93
1234.91
1285.06
1241.14
1283.84
1254.57
1207.87
1246.22
1279.92
1220.07
1298.03
33848.2
14803.4
17710.7
33139.3
623.897
32906.4
523.596
31859.3
508.591
31227.8
490.039
30807.3
558.576
31518
599.681
33243.1
488.174
32179.4
497.325
32039.8
564.421
32323.4
481.469
33514.7
607.921
32059.4
569.031
33048.4
508.08
32619.5
492.695
1245.54
1170.03
1231.7
1240.19
1218.59
1286.05
1236.62
1252.91
1286.43
1253.48
1258.87
1271.94
1314.72
1275.78
1236.69
1276.46
1314.33
1237.36
1237.21
1274.14
1252.02
1295.93
1230.68
1250.8
1270.98
1277.5
1258.3
1281.73
1238.12
1291.86
1231.88
1236.51
1271.7
27640.9
15281.7
18269.3
31433.1
541.026
31093.3
487.633
32342.3
539.192
31210.1
554.177
23760.4
1299.8
1188.58
1248.33
1231.73
1217.68
1256.14
1266.75
1280.29
1289.19
1227.87
1225.52
1257.45
1275.41
1269.41
1225.15
1297.5
1267.31
1262.82
1228.07
1290.13
1269.66
1263.67
1199.71
1232.65
1274.29
1244.55
1237.95
1228.17
1222.8
1211.71
1274.53
1227.42
1252.45
1201.51
1261.91
1216.2
36963.9
45732.9
5397.96
3615.92
2761.9
1864.07
66477.4
37829.8
5298.53
5121.02
2600.1
26442.6
11172.3
21956.1
34862.2
619.537
34219.5
661.885
13764.1
1319.85
1330.5
1340.56
1344.44
1312.24
1319.64
1259.89
1254.71
1307.93
1264.33
1249.04
1304.13
1302.62
1386.53
1298.73
1405.29
1298.39
27920.3
42266.8
3888.45
2971.2
2083.06
26816
17060
539.382
41762.2
10693.6
21641.9
110177
36384.5
669.432
36377.7
558.416
36820.8
567.547
36777.7
629.369
37524
742.901
37864.5
38063.5
37501.8
38078.6
565.171
36985.2
647.081
37688.4
722.364
37541.3
647.662
1436.95
1349.92
1444.46
1429.66
1349.72
1395.16
1494.56
1333.09
1473.02
1403.2
1491.66
1468.51
1420.02
1373.4
1333.62
1381.38
1382.8
1378.32
1345.94
1340.3
1381.85
1376.77
1392.5
1394.22
1333.55
1333.14
1336.2
1398.67
1342.96
1327.47
1357.45
1466.66
1358.43
1322.95
1501.4
33812.2
10563.4
19856.9
31043.4
686.431
35460.2
573.661
34562.7
578.462
17745.9
1380.33
1380.24
1433.81
1339.34
1320.88
1303.08
1288.77
1315.59
1314.24
1307.1
1300.05
1334.2
1278.2
1303.14
1295.16
1295.26
1339.53
1339.14
1340.97
1390.6
1343.92
1311.71
1327.7
1333.51
1310.13
1320.92
33443.7
38615.6
1598.28
30651.6
16294.6
31067
31347.4
547.632
35155
644.324
34376.2
562.636
33110.1
658.747
33213.6
634.682
34559.3
626.894
33641.6
573.812
33732.1
632.297
34310.1
640.415
35296.2
577.189
35384.5
633.679
35246.9
578.392
35285.4
634.852
1364.58
1333.08
1246.29
1251.69
1243.81
1264.03
1285.77
1285.4
1262.16
1318.04
1267.32
1277.55
1284.65
1285.13
1281.43
1312.02
1282.15
1279.54
1216.92
1282.28
1234.52
1221.08
1317.95
1249.47
1266.41
1304.76
1249.84
1277.21
1269.55
1260.19
1238.32
1260.74
1298.75
1302.07
1277.95
35710.1
15904.8
24414.4
34368.2
614.074
35133.4
575.055
1293.88
1296.73
1287.6
1339.12
1244.05
1294.86
1285.37
1305.33
1247.6
1279.62
1281
1286.98
1251.3
1298.26
1227.3
1310.57
14181
34225.8
38317.1
5163.48
2014.27
29055.4
22003.8
28558.8
13492.8
19038.9
590.651
37795.1
555.038
33510
577.12
34044.2
510.576
34007.1
582.572
32082.4
516.68
32628.2
592.625
35508.2
596.504
34444.9
598.789
33603.4
530
33677.6
596.354
34830.6
573.681
33300.6
534.481
33445.7
570.764
14021.9
1293.46
1286.98
1332.01
1243.43
1250.39
1242.82
1263.19
1240.3
1244.76
1265.4
1280.3
1272.76
1273.02
1268.5
1230.72
1221.89
1282.29
1262.9
1280.8
1279.03
1280.73
1366.59
1345.7
1332.64
1299.12
1315.82
1289.61
1306.68
1319.16
1322.65
1295.57
1414.05
1306.92
1401.18
31976.9
28742.4
19265.7
34511.9
681.6
35909.6
650.759
14987.7
1362.63
1382.72
1354.03
1342.15
1379.01
1326.44
1365.78
1387.57
1385.32
1433.28
1479.97
1454.34
1369.55
1326.07
1353.85
1376.42
1322.85
28523.2
33572.7
4884.75
24036.1
22387.2
20916.4
34290.7
697.045
34846.7
552.583
34662.3
634.762
34441.7
640.224
34402.4
568.379
33433.8
499.31
34295.8
599.631
34437.1
622.143
34009.7
605.735
34640.8
602.889
34432.1
611.258
34398.7
606.888
34454.3
626.393
34703.2
527.385
35211.8
639.262
34809.5
586.771
511.087
505.153
510.266
587.373
612.952
515.628
27967
517.061
524.207
512.15
527.616
507.619
500.142
507.81
27036.2
589.268
535.273
506.547
499.34
602.408
601.526
26682.2
617.763
532.486
673.602
579.886
514.044
591.152
28999.4
25381.9
27555.8
15892.4
25363.7
26860.1
25898.4
26370.3
25760.8
26699.7
25712.9
25917
25903.5
26498.5
25701.7
26094.8
26735.8
26461.2
27174.6
26892.3
26118.6
27232.4
28005.3
28508.3
27588.1
595.262
492.103
588.054
493.797
28109.3
581.419
604.222
621.732
610.737
613.854
517.873
510.215
27971.9
592.174
624.248
514.946
512.36
582.231
495.892
505.695
27296.3
526.182
599.821
503.059
545.647
581.129
502.528
600.504
25933.1
613.343
510.906
603.249
503.731
593.416
598.007
500.343
26024.6
514.866
499.16
498.589
516.309
595.442
604.001
558.938
27022.9
559.158
525.441
492.244
572.438
605.154
604.482
499.2
27035.4
578.953
552.292
504.261
622.964
621.922
518.886
604.271
27017.4
532.697
619.707
520.248
528.828
594.67
520.459
605.645
26200.7
572.479
612.271
594.55
586.461
578.393
596.715
601.496
26792.3
512.711
562.094
649.045
611.238
619.267
552.152
510.866
26125.1
515.157
589.407
575.426
484.587
589.297
496.423
510.436
26259.3
566.625
17676.6
20573.3
5003.78
879.475
35800.3
14597.5
30729.6
39988.4
35067.5
473.762
33258
600.012
32094.2
608.962
1330.17
1281.59
1245.31
1272.03
1324.13
1331.52
1279.2
1223.96
1223.59
1260.84
1341.99
1325.92
1297.81
1257.47
1277.41
1358.26
1350.06
1308.87
1301.37
1303.91
1316.78
1306.17
1254.44
1269.91
1295.6
1242.49
1263.35
1253.53
1272
1249.54
1260.45
25850
11163.9
28442.8
538.41
79514.8
32552.6
32553.3
607.149
32241.8
501.205
33547.2
517.973
32752.2
497.647
22318
584.156
19191.3
599.742
21047.9
598.969
19318.8
612.952
19556.5
606.627
19266.3
564.911
20486.3
572.388
19076.7
580.918
18907.2
576.648
15637.5
583.684
594.178
505.114
509.303
504.252
513.433
537.408
11806.2
573.742
512.58
498.177
500.714
485.789
1279.2
1217.18
1244.25
1277.78
1327.38
1251.73
1239.55
1258.11
1311.85
1226.19
1236.03
1233.95
1194.63
1246.5
1236.18
1269.15
1269.1
29524.3
15311.8
23444.5
33041.5
540.555
31622.1
618.335
31272.1
595.301
33135.7
599.2
30888.1
599.612
30857.8
467.587
31255.8
506.998
31632.7
553.665
31014.8
539.763
30944.9
598.729
30904
544.534
11777.9
1275.18
1269.35
1263.89
1294.77
1265.7
1291.18
1301.04
1262.65
1277.98
1264.47
1225.04
1299.39
1261.63
1326.14
1290.72
1235.93
1286.66
1239.26
1261.78
1280.28
1305.22
1275.67
1288.04
1265.36
1255.04
1248.77
1259.87
1234.28
1311.05
1397.95
1331.34
1314.9
1270.36
1246.53
1242.18
1340.53
1257.38
1322.89
1347.36
1270.82
1286.87
1295.37
1281.49
1268.61
1357.42
1265.07
1290.89
1272.09
1371.76
1302.67
1350.36
1271.95
1333.8
1350.07
1345.26
1225.25
1289.72
1264.24
1255.76
1327.7
1308.35
1277.62
1356.16
1326.45
1269.79
1316.47
1319.08
1298.67
1333.21
1285.73
1306.22
1331.62
1316.8
1221.95
1217.12
1280.06
1309.65
1288.29
1194.64
1270.5
1217.16
1233.91
1221.18
1291.93
1238.68
1246.35
1274.62
1282.33
1263.12
26602.5
64134.6
2342.46
28552.3
23329.6
555.309
61247.2
37428.4
36822.6
619.056
36272.1
625.942
37199
549.696
36924.7
540.124
36759.4
602.558
36587.1
552.873
36336.3
566.565
36217.9
592.656
36019.5
596.214
36101.5
557.294
36889.5
606.447
36990.3
598.859
37321.5
578.102
30556.9
629.46
548.824
611.84
611.549
624.128
624.077
553.936
30731.4
610.155
637.659
569.341
575.796
573.631
654.658
642.64
30968.5
557.023
627.426
606.938
566.725
668.48
577.42
586.451
30747.1
636.526
630.883
583.383
603.1
605.475
625.621
545.356
33801.6
630.352
571.747
604.191
607.609
652.222
630.202
552.733
30507.9
609.774
639.012
545.376
629.961
549.676
614.325
536.054
31369.7
584.837
612.08
540.394
615.868
541.879
619.356
619.868
30455.4
580.477
630.502
640.996
570.364
571.306
638.601
572.478
30717.9
562.114
631.003
571.837
641.758
556.772
634.381
562.696
31837.9
628.377
644.033
581.58
641.368
638.842
591.803
644.735
31028.6
619.728
595.592
628.898
653.405
639.563
644.043
630.873
30772.7
637.98
606.818
558.526
612.801
553.375
41185.5
15355.7
24861
10877.1
19706.6
40414.7
614.004
37254.3
589.929
37159.1
584.777
36662.6
546.479
36213.1
522.924
36714.3
594.51
35674.3
600.333
35925.2
590.931
35114.1
589.969
35083
599.331
35940
583.754
35773.9
522.514
35982.9
570.905
35912.4
514.536
37415.1
601.465
31048.8
527.325
527.275
584.256
587.633
499.11
524.899
511.93
31758.8
584.135
599.25
631.625
566.836
533.759
516.4
582.462
31415.2
597.486
591.572
518.765
520.239
589.507
563.578
582.983
31157.6
536.877
596.825
606.016
592.836
570.715
573.742
517.683
31654.8
564.831
586.161
532.276
519.657
595.842
592.755
540.355
31218.8
612.901
538.961
582.211
532.547
605.906
581.139
533.739
30705.3
548.013
615.398
609.554
604.112
590.991
516.32
519.286
30729
590.39
612.53
605.074
590.22
592.986
522.293
520.89
31238.6
580.667
589.308
588.496
609.143
608.071
575.375
591.102
30414.3
598.709
535.253
592.375
612.13
601.195
527.555
556.732
29733.1
636.316
606.197
608.362
524.007
567.126
591.683
598.498
30118.3
569.241
618.315
592.785
607.46
597.577
27257.4
11685.6
19530.3
27498.9
26740.7
26738.8
27430.4
24649.3
27105.3
26070.1
27114.7
25002.9
25447.5
25014.5
25569.1
26209.1
25910.4
25430.5
25485.5
26529.9
27125.4
26130.4
25839.3
16578.5
516.92
575.766
514.335
1190.99
1224.7
1193.24
1202.68
1225.59
1267.31
1243.92
1221.95
1170.88
1306.98
1172.93
1244.16
1246.86
1200.43
1243.01
1280.75
1220.88
1202.87
1215.26
1201.15
1156.78
1186.91
1179.32
1142.33
1185.85
1188.15
1216.92
1202.44
1215.84
1198.13
1219.51
1206.36
1206.81
1201.96
1160.92
1235.46
1168.91
1178.92
1176.95
1204.88
1202.24
1241.86
1196.34
1228.96
1211.55
1173.47
1206.51
1227.33
1195.68
1233.88
1227.3
1212.38
1214.07
1230.71
1197.78
1211.8
1211.86
1268.67
1208.94
1243.54
1216
1187.78
1248.82
1204.54
1226.57
1190.52
1185.25
1253.56
1215.55
1205.81
1232.6
1171.79
1213.98
1168.87
1223.54
1180.87
1203.6
1189.1
1202.08
1163.91
1196.93
1204.01
1230.98
1162.38
1231.6
1223.16
1194.4
1234.89
1259.28
1223.05
1197.32
29900.9
17430
22988.3
37009.9
26822.4
500.132
31559.8
576.488
31763.7
566.896
31643.1
500.793
32070.8
553.415
31544.2
554.998
22842.4
1281.36
1225.91
1295.63
1249.84
1259.74
1228.11
1309.11
1250.56
1274.24
1296.08
1218.62
1219.16
1257.24
1234.91
1306.71
1250.2
1248.44
1248.18
1276.13
1237.41
1205.12
1250.31
1234.15
1289.98
1311.7
1294.58
1254.95
1240.81
1234.9
1258.43
1240.55
1238.89
1245.85
1246.14
1260.47
1255.5
1244.38
1273.37
1209.64
1262.46
1282.35
1213.2
1227.13
1247.06
1253.45
1305.12
1211.75
1240.17
1246.33
1265.26
1279.89
1246.12
1290.16
1249.12
1292.55
1212.19
1290.07
50056.1
55538.3
31514.2
34620.7
34731.9
34551.3
546.759
36259.1
574.213
35438
546.88
36048.4
561.083
36518.7
628.278
37135.7
606.798
36373.4
672.709
36964.6
616.17
1376.91
1292.14
1367.28
1292.04
1359.04
1283.18
1304.7
1366.69
1410.72
1385.72
1355.15
1303.42
1357.32
1362.16
1338.68
1333.01
1350.5
1370.45
1308.75
1360.9
1360.45
1410.8
1291.04
1346.24
1325.16
1372.07
1310.67
1299.91
1408.21
1390.38
1360.21
1391.26
1432.52
1320.75
1378.24
1327.87
1285.4
1316.55
1364.88
1395.75
1384.01
1444.44
1348.01
1347.41
1295.27
1318.01
1303.69
1309.34
1352.97
1295.59
1315.28
1321.12
1323.48
1317.11
1351.78
1369.52
1347.82
1313.62
1375
1344.41
1336.01
1328.13
1296.11
1286.89
1389.88
1302.02
1365.49
1328.34
1309.67
1322.77
1354.97
1303.06
1310.8
1347.74
1305.93
1336.28
1330.29
1300.96
35795.1
19839.3
23799.6
1391.74
1307.87
1311.1
1314.56
34405.5
33994.6
40036.6
34002.6
569.361
34432.2
598.108
34617.7
578.342
22147.5
1347.35
1354.81
1300.8
1268.64
1287.1
1319.11
1284.24
1305.07
1296.48
1390.11
1383.95
1319.19
1368.74
1326.09
1364.36
1315.02
1313.84
1296.41
1274.35
1296.41
1261.7
1318.26
1289.67
1277.59
1276.35
1264.03
1302.85
1329.8
1279.02
1318.82
1316.88
1329.92
1290.89
1350.68
1310.22
1287.33
1278.94
29022.3
20228
29324
12096.3
19628.1
644.144
41665.8
37371.4
544.976
36880.6
597.556
37452.8
37957.1
601.035
36495.5
553.525
35815.2
603.44
35374.6
610.246
36264.4
599.601
36525
642.921
35306
621.511
35958.3
605.184
37339.8
554.597
38700.6
38526
31943.1
645.166
641.988
610.767
633.118
629.049
636.958
565.543
31860.6
567.667
639.744
574.995
576.348
636.476
559.579
611.138
32044.6
554.267
617.221
546.098
570.223
575.837
617.332
552.512
30972.4
561.985
643.503
548.454
614.726
541.117
589.598
536.316
30432.8
540.585
561.273
526.694
605.775
628.116
614.495
583.865
29973.1
612.11
547.491
525.911
584.977
610.015
622.625
535.172
30977.8
609.303
624.027
535.012
551.852
538.7
586.311
595.131
32219.8
569.221
608.401
599.812
584.787
551.64
603.851
615.498
30800.3
570.444
521.863
585.739
523.226
551.52
569.161
602.919
30592.2
623.747
540.044
542.701
552.963
558.176
567.737
514.515
30583.5
593.116
531.214
533.95
622.053
565.252
606.978
605.464
31093.7
587.784
589.357
637.127
658.858
565.443
25697.9
35406.3
2897.47
20766.9
28638.4
32817.6
26862.3
13070.4
20884.5
31541.2
621.702
22633.7
1325.43
1368.3
1321.63
1295.32
1278.74
1329.22
1296.92
1260.71
1252.72
1266.78
1261.49
1253.71
30116.2
39227.7
5110.77
24451.2
36697.9
4965.91
15750.9
25920.7
5045.51
2375.24
15080.6
17957.7
516.289
15159.8
11746.2
19485.7
27457.4
27575.5
26680.7
26203.8
25991.9
26204.3
26014.5
26640.8
26317
27792.6
27380.6
598.418
26609.3
25787.9
28197.9
26216.3
27031.6
26860
28456.8
26789.7
26877.9
26700
599.36
600.724
586.641
550.849
27556.7
597.857
516.6
579.876
575.716
519.256
521.111
590.931
26100.1
606.056
532.386
590.641
531.094
583.133
593.858
524.218
26228.6
532.687
593.517
591.523
512.14
540.856
566.054
590.55
26260.6
582.011
614.215
612.812
535.934
574.834
608.211
535.473
27675.7
590.019
524.959
578.222
575.777
528.818
554.908
573.541
26302.7
609.434
526.813
527.305
578.643
583.474
535.063
532.075
26459.4
553.956
526.262
594.84
534.631
571.095
551.701
508.311
27175.4
572.389
589.738
521.963
572.228
517.552
598.007
519.256
23055.7
527.454
569.101
600.804
528.167
578.713
515.247
1270.65
1266.55
1289.94
1271.2
1261.04
1298.46
1265.51
1276.25
1271.48
1266.82
1312.96
1234.37
1253.79
1279.1
1251.68
1297.74
1298.76
1321.76
1371.49
19134
11767.3
21934
535.103
37147.7
543.372
32009.3
607.189
32022.6
567.828
19816.5
1259.07
1257.12
1279.85
1256.09
1208.86
1237.72
1185.69
1276.42
1225.37
1221.85
1206.02
1247.25
1263.95
1234.11
1192.55
1202.65
1187.95
1251.37
1240.74
1260.82
1251.94
1253.36
1224.26
1211.98
1233.04
1202.26
1237.25
1296.35
1235.81
12228.3
24843.8
39261.3
6461.21
15224.2
28890
5751.67
14148.5
29827.5
5134.92
13445.4
21594.2
3138.2
7128.43
15757.3
44649.7
6077.37
10572.3
16006.6
12103.7
13562.1
20271.4
527.936
13187.1
41924
4341.06
3503.53
2747.87
2087.53
706.717
14045.6
18019.4
529.47
33887.1
27023.2
577.41
32858
548.543
33323.1
583.294
32486
511.408
32433.5
585.308
33196
523.286
33824.3
594.509
32658.9
570.534
33099.5
536.215
32742.8
525.5
33655
520.859
32902.1
544.455
32983.6
33287
512.901
32151
504.412
556.953
581.289
560.501
567.928
27135.6
571.807
562.165
511.027
570.053
568.279
512.32
552.242
1245.37
1250.62
1239.23
1243.8
1229.5
1248.61
1264.17
1244.39
1240.39
1224.2
1260.67
1243.13
1269.9
1302.13
1232.73
1219.57
1245.26
25655.6
70181.3
33045.3
14322.3
34466.7
2340.62
1596.88
11880.1
11600.8
13658.4
10215.4
4313.92
12024.3
508.752
35287.1
604.232
32715.8
571.957
33178.8
533.93
33050.6
505.906
32705
496.935
32943.6
513.402
31590.8
519.617
32808.1
496.434
31764.2
554.969
31695.6
510.015
31536.8
514.886
32242.4
547.572
32672.6
495.231
31858.4
512.661
21815.8
1266.36
1242.41
1219.49
1245.5
1261.91
1211.62
1230.98
1336.98
1248.56
1233.72
1208.36
1257.63
1240.27
1241.62
1223.89
1212.04
1237.16
1283.5
1280.4
1278.52
1230.7
1235.34
1214.63
1235.46
1247.7
1219.24
1280.71
1236.39
1223.18
1215.93
1272.17
1295.53
1220.94
1229.79
1238.32
1195.57
1232.33
1213.04
1199.47
1163.02
1199.37
1206.11
1181.7
1230.94
1205.56
1190.23
1178.01
1223.81
1213.6
1212.18
1197.84
1207.4
1198.29
1195.3
1188
1202.54
1220.7
1199.69
1195.43
1225.72
1194.91
1209.94
1206.47
1265.06
1265.48
1246.31
1231.23
1260.47
1203.84
1242.71
1268.81
1221.72
1249.55
1243.45
1207.98
1202.87
1191.68
1258.01
1273.37
1222.77
1243.1
1221.71
1228.49
1277.56
1234.3
1242.39
1269.91
1229.75
1171.03
1245.23
1214.6
1236.38
1226.64
1235.62
1223.48
1214.61
1223.61
1266.95
1208.31
1266
1194.74
1208.63
1300.59
1249.37
1314.06
1365.54
1262.24
1231.7
1292.31
1247.38
1258.65
1239.29
1273.77
1289.53
1319.65
829.871
54880.5
2149.31
1194.96
33782.7
25020.3
34808.3
539.312
33428.6
484.255
33913.7
526.302
34499.2
510.135
1344.72
1286.22
1350.27
1283.47
1314.3
1321.68
1237.39
1231.71
1265.01
1255.68
1248.17
1279.1
1264.25
1266.43
1282.41
1264
1296.81
1229.95
1244.46
1251.66
1244.72
1288.84
1231.57
1295.27
1259.1
1268.69
1236.52
1279.07
1249.48
1430.44
1326.13
424.298
16540.3
16176.9
27525.3
598.699
38499.8
528.147
35454.5
516.57
35298.3
524.959
35715
608.822
34630.2
607.098
34907.5
496.353
34578.6
566.585
34033.9
631.395
34860
558.977
34073
613.132
34988.1
604.823
35962.3
607.289
36077
619.908
36113.7
464.299
35245.8
481.078
28822
529.74
472.177
542.37
493.787
486.019
469.622
556.311
29102.8
480.777
611.559
554.878
531.053
472.248
500.914
490.47
28938.8
460.611
463.437
492.144
475.556
467.036
459.639
496.594
27838
554.417
560.581
487.664
555.078
559.509
553.715
465.172
29501.7
534.862
492.364
586.782
559.789
564.41
558.557
564.23
32760.2
485.198
593.608
592.916
519.126
487.152
546.328
590.279
32761.5
592.886
466.033
508.852
563.828
476.878
488.746
564.56
30990.7
485.809
508.531
579.746
557.865
575.897
546.799
596.053
32117.3
552.462
606.587
486.12
592.434
576.277
524.979
482.892
32909.2
504.933
493.888
606.798
586.511
601.416
489.798
514.776
32617
633.219
596.013
620.108
587.644
521.973
498.809
565.031
32118.5
574.323
494.189
489.106
492.104
574.604
24771.8
15452.4
21287.3
619.837
49626
35439.6
628.417
36486.3
580.477
34721.9
593.908
35577.1
659.028
34954.5
581.188
24707.3
580.166
20969.6
682.853
21327.4
595.832
21589.4
600.874
21820.7
701.927
21876
708.613
20816.9
704.302
21263.6
711.299
21453.8
597.056
17176.2
691.453
602.147
670.114
699.642
588.545
689.108
690.43
17113.1
638.27
698.328
683.484
612.451
593.898
678.703
698.279
16910.6
714.045
709.304
626.854
612.15
591.132
742.199
698.479
17192.4
726.063
651.1
631.515
691.864
712.882
625.19
