3382.17
4885.59
12173.5
30825.9
35407.5
1549.15
1497.1
1440.84
1510.88
1281.2
5553.31
11893.8
34817.6
37403.2
1379.3
1434.43
1415.93
1383.7
1384.58
13617.8
11054.3
806.026
10754.4
2444.67
7898.53
2342.83
2592.7
1838.5
10814.2
1717.47
14303.2
20531.5
11208.8
12209.1
8756.57
10444
10230.3
15740.7
9708.55
9386.09
13411
13780.8
11601.1
5360.28
7555.65
12316.3
40483.7
33314.7
525.721
33512.9
533.569
32546.5
510.656
33150.8
512.571
32334.7
490.72
31897.8
464.29
31613.6
526.072
32087.8
509.002
31785.4
484.947
31776.7
496.945
11692.5
1178.8
1191.07
1189.55
1157.9
1180.99
1205.46
1186.33
1252.91
1192.22
1177.45
1185.52
1177.11
1267.05
1210.95
1152.76
1164.59
1195.25
1186.22
1168.04
1144.71
1159.5
1170.33
1157.27
1182.37
1258.03
1223.16
1207.72
1147.46
1211.34
1207.78
1178.77
1197.92
1229.64
1175.43
1158.54
1200.83
1201.36
1183.3
1162.9
1188.18
1213.66
1216.67
1193.81
1144.75
1151.96
1216.67
1231.15
1174.35
1259.1
1196.98
1233.59
1174.17
1133.86
1179.26
1226.28
1224.91
1210.37
1202.69
1193.08
1198.39
1192.32
1185.1
1203.99
1194.81
1197.28
1200.28
1193.75
1193.83
1196.25
1150.23
1217.69
1193.43
1183.38
1189.3
1231.25
1192.83
1151.65
799.181
4568.56
8928.96
515.046
29172.5
522.263
31066.9
506.587
32180.9
527.455
31007.8
487.553
31799.4
496.965
31940.5
530.733
31891
486.12
31573.8
535.513
31589.5
474.463
30172.4
479.234
30207.7
569.402
31680
506.617
30424.9
517.151
32493.3
566.695
30435.3
546.248
30783
580.497
547.812
548.193
531.163
536.967
530.151
491.121
24910.1
547.02
568.449
555.821
551.269
586.812
590.159
594.369
25182
566.113
516.349
512.822
508.591
564.139
563.047
500.032
24806.6
515.117
542.259
580.918
548.033
515.578
568.028
547.411
25078.7
584.046
555.069
514.836
506.266
500.433
502.878
553.875
25263.7
562.756
590.971
523.045
542.62
532.567
527.555
538.31
25108.8
598.769
521.14
563.308
519.457
565.091
547.481
507.79
24895.2
571.166
537.769
511.528
615.718
564.55
586.551
570.584
25634.9
586.04
595.803
662.155
577.531
522.994
522.063
521.571
26273.4
616.71
654.007
550.809
574.754
572.398
585.83
524.498
25550.5
639.403
563.899
539.352
569.071
530.181
586.13
508.541
25702.1
524.488
588.506
532.757
519.276
532.326
587.182
591.934
25463.3
634.241
544.474
522.855
626.072
612.892
564.23
530.02
25556
556.021
525.701
514.165
538.41
565.462
537.257
557.664
26782.9
588.485
614.435
552.412
617.182
496.463
495.792
494.169
26341.6
567.618
562.586
500.713
570.495
506.867
496.674
518.153
27036.4
526.553
514.404
496.845
694.74
624.8
580.487
677.431
26622.9
511.108
566.033
489.107
602.528
491.632
553.074
570.133
17409.3
509.533
574.413
594.88
608.382
1278.92
1235.94
1231.59
1229.32
1331.65
1221.15
1226.75
1338.06
1271.07
5830.39
1279.79
1334.69
1244.7
1320.2
1238.1
1406.27
1282.72
1401.63
1236.96
1373.32
1291.02
1496.25
1340.5
1318.29
1254.32
1335.77
1264.4
1335.43
1390.63
1369.69
1268.89
1335.3
1264.55
1339.8
1305.79
12104.8
1351.86
1266.63
1256.73
1312.87
1236.27
1285.25
1293.36
1297.29
1336.61
1306.83
1290.09
1274.89
1298.6
1306.24
1320.24
1451.96
1244.89
1289.54
1294.41
1294.2
1269.76
1438.95
1333.12
1298.5
1255.84
1287.17
1265.78
1292.22
1305.31
1374.55
1330.43
1529.23
1274.51
1331.55
1337.68
1283.02
1350.07
1372.75
1254.96
1267.78
1335.46
1341.63
1276.58
1294.26
1368.36
1295.94
1284.81
1284.63
1354.64
1387.22
1289.17
1285.11
1287.84
1399.13
1257.36
1348.07
1337.33
1307.47
1307.28
1366.71
1311.69
1321.72
1313.9
1249.58
1343.37
1300.62
1341.24
1330.49
1261.02
1270.97
1290.21
1289.42
1330.81
1354.27
1321.54
1376.47
1305.29
1353
1359.91
1280.66
1332.31
1373.06
1257.94
1289.41
4475.07
643.452
21830.5
569.772
27133.6
26509.9
26344.7
25250.7
25289.7
32829.3
26701.7
24300.8
24829.6
24037.8
26067.5
565.292
24848.9
24527.4
25510.7
24524.6
24596.9
26195.5
25484.9
25388.3
24962.6
490.54
483.594
612.311
559.479
25343.2
573.932
575.646
582.231
580.387
585.599
545.045
499.05
25680.2
471.306
547.952
554.487
535.814
575.937
496.223
484.697
25413.3
577.019
564.65
566.404
567.407
604.342
513.001
523.456
25621
498.037
569.642
582.231
574.754
588.716
541.858
572.098
25345.1
570.013
466.174
573.741
566.224
492.694
480.085
491.472
25379.6
488.726
486.451
499.2
473.1
466.735
562.386
471.746
25376.8
565.472
562.586
473.701
535.423
524.107
486.391
487.142
25368.4
528.667
568.831
566.656
591.372
590.239
507.308
597.276
25390.2
575.034
600.183
577.831
468.319
471.115
528.958
497.065
25413.8
565.182
478.122
592.154
585.589
603.35
472.439
495.491
26543.5
482.571
484.867
482.461
484.947
488.956
590.831
581.309
25314.4
569.462
4291.72
17256.4
2443.8
4365.47
616.881
30864.5
25040.4
606.046
30978.9
499.782
31329.6
561.633
32724.3
619.708
30892.7
509.534
31127
495.481
32588.5
602.608
33038.2
628.458
31304.4
602.307
30957
483.825
30914.9
548.363
30739.6
513.553
30654.3
605.034
30886.1
550.167
31976.4
514.415
572.89
590.55
607.049
553.515
26411.5
561.844
602.067
609.805
481.84
494.198
504.062
26606.1
617.432
658.196
620.84
526.613
605.455
508.832
27670.5
605.665
487.703
535.994
524.698
490.67
538.59
26531.1
528.808
506.437
514.836
606.386
606.858
516.289
22524.8
620.078
607.91
507.388
556.993
509.764
546.93
1251.17
1251.02
1296.36
1208.72
1315.56
1224.15
1303.29
1262.92
1308.94
1281.9
1283.91
1259.33
1384.29
1254.13
1431.42
1329.78
1446.74
1320.22
1371
1314.63
1460.22
1338.17
1428.87
1387.4
1231.07
1287.33
1256.29
1331.55
1284.02
1251.22
1421.01
1233.11
1220.63
1266.14
1244.02
1266.19
1532.53
1230.43
2216.73
1259.08
1275
1297.88
1284.37
1290.9
1291.25
1297.24
1412.09
1285.34
1302.22
1252.84
1249.94
1266
1261.39
1265.6
1275.65
1319.54
1286.35
1313.29
1224.15
1230.29
1263.66
1327.13
1424.04
1292.23
1247.39
1243.4
1289.48
1539.12
1240.89
1306.65
1335.67
1280.62
1269.62
1231.51
1306.86
1298.53
1269.69
1295.12
1291.85
1370.19
1583.3
1541.46
1628.95
1670.29
1536.84
1541.53
1582.19
1532.14
1646.79
1634.69
1593.96
1646.66
1619.65
1685.12
1764.65
1758.64
1366.94
1335.95
1385.23
1477.88
1418.5
1308.85
1353.52
1380.99
1322.51
1420.53
1336.44
1309.35
1353.65
1321.79
1364.77
1304.18
1301.61
1392.9
1327.53
1313.66
1346.6
1384.12
1309.8
4675.48
4636.44
580.698
32887.8
4522.26
1385.99
1429.94
1362.96
1394.9
1433.18
1276.23
10339.6
387.873
10596
615.457
1089.23
4730.49
12062.8
628.338
29557.3
507.89
33536
516.069
33833.2
587.323
34203
500.844
32313.9
604.081
34424.9
596.253
36847.9
503.229
36798.8
592.615
38156.8
1714.35
36869.8
611.338
35051.9
505.444
37132.8
545.116
37348.1
610.857
32385.9
674.373
32878.3
602.678
31737.4
480.026
544.023
525.671
653.235
635.323
676.127
645.216
27902.5
577.56
515.978
641.628
513.763
583.003
625.039
517.532
28275.7
558.105
613.744
606.507
497.566
589.318
488.846
27221
592.595
521.512
580.046
500.773
543.632
579.695
4488.17
81084.9
12445.9
8852.38
8136.61
7388.7
6725.5
5938.4
5288.24
4659.51
3991.87
3317.88
526.844
449.536
81.247
4498.96
11862.3
617.452
29922.2
538.741
31489.5
585.138
31312
507.169
32638
612.641
31201.2
505.986
31438.9
497.596
31330.8
573.892
33050
490.32
31999.3
601.235
31676.2
518.494
32715.1
507.028
33478.1
503.64
33052.1
566.986
33429.5
524.648
33448.7
515.227
33800.8
490.379
571.016
481.6
577.35
618.304
506.637
519.145
27473.3
527.756
492.344
488.425
547.551
484.025
534.31
506.136
26531.9
491.843
488.455
601.646
563.728
503.63
485.719
25089.6
492.956
501.555
511.679
598.569
497.115
492.204
568.289
25101.1
478.532
637.668
596.794
561.694
592.354
614.436
490.169
25019.7
504.04
564.901
585.088
484.085
560.391
610.536
534.561
25018.5
527.144
498.167
602.548
499.29
624.789
555.459
486.772
25048.6
523.165
517.813
581.099
603.6
492.233
491.823
489.999
25282.9
570.584
617.662
546.408
584.316
575.175
519.978
493.627
25710.8
475.064
493.075
597.967
618.614
495.551
581.901
475.605
24920.2
509.364
512.049
508.701
560.802
577.21
500.984
494.369
26512.4
489.067
487.623
559.589
576.969
587.132
511.027
612.41
26664.6
524.408
511.157
593.106
510.786
505.525
509.965
517.853
26410.3
578.823
601.836
648.754
599.901
488.565
531.164
537.779
26664.5
532.837
618.244
624.629
614.787
564.21
534.381
493.798
26565.7
587.614
496.133
550.428
508.772
646.258
597.306
496.042
25869.6
584.877
587.273
535.403
508.752
618.354
472.158
586.231
27351.3
581.991
504.733
595.241
490.51
605.776
474.072
633.529
26374.9
545.286
545.056
579.544
624.529
633.68
541.778
521.071
25601.2
596.444
503.57
580.587
556.752
574.313
634.081
534.401
26447.2
498.579
528.798
585.439
586.541
489.517
490.57
492.825
26424.3
632.728
475.556
515.097
522.243
491.382
497.897
495.321
26267.2
547.511
612.792
598.889
518.143
557.925
595.472
572.299
26078.6
541.667
584.736
575.315
493.847
547.551
587.944
578.342
25262.6
499.28
592.605
501.035
509.704
500.443
497.927
535.072
25144
495.642
536.125
581.239
612.15
497.095
481.86
497.636
25196.7
504.361
581.199
531.985
566.756
581.229
588.887
545.386
25321.9
471.877
517.693
541.969
565.332
566.074
548.323
564.21
25684.1
491.782
496.785
487.583
499.921
591.642
487.794
480.366
26891.9
607.71
586.762
578.262
546.579
546.99
494.679
505.224
25416.5
577.38
580.727
596.814
581.52
584.717
576.919
527.886
27477
544.925
568.75
569.652
506.236
478.643
569.011
556.181
27506.5
574.804
583.885
490.85
535.222
566.144
568.5
465.181
534.642
1280.8
1286.03
1270.76
1354.89
1292.39
1300.27
1223.6
1371.83
1315.04
1259.04
1313.75
1258.74
1262.89
1324.18
1280.36
1285.47
1271.9
1295.74
1272.69
1260.63
1249.64
1336.2
1295.58
1358.07
1297.74
1225.29
1262.68
1277.23
1273.1
1338.94
1295.76
1301.44
1364.81
1272.87
1271.01
1242.05
1255.88
1284.83
1273.07
1314.26
1271.51
1257.98
1286.95
1266.29
1263.58
1347.83
1323.79
1316.96
1239.25
1323.77
1279.35
1314.24
1286.82
1306.86
1260.48
1307.66
1245.56
1261.67
1279.87
1308.46
1260.52
1321.4
1289.5
1351.9
1309.05
1254.31
1282.49
1330.88
1237.44
1299.81
1277.12
1342.49
1257.87
1260.32
1281.71
1263.03
1257.77
1275.4
1288.22
1242.76
1355.08
1304.04
1224.3
1282.41
1266.45
1316.92
1285.15
1250.41
1283.85
1297.75
1271.41
1272.52
1281.56
1312.94
1274.31
1300.88
1275.38
1274.75
1315.16
1237.47
1259.19
1286.88
1268.33
1274.14
1261.76
1301.12
1279.76
1305.16
1292.4
1266.66
1295.63
1309.51
1289.87
1329.76
1267.46
1281.49
1283.62
1319.2
1231.86
1297.99
716.01
6596.24
11576.5
629.099
28557.7
495.041
31745.5
495.692
30935.3
488.104
31135.4
550.047
31051.9
587.964
31921.8
502.157
30781.7
554.036
30854.6
588.295
30955
502.577
31828.9
505.164
30731.9
505.685
30680.6
591.993
30756.3
489.999
31986.6
482.942
30746.8
572.107
30654.7
564.39
478.492
485.578
636.366
582.492
598.168
587.022
25047.2
544.184
579.284
600.964
592.324
596.123
587.954
623.857
25123.6
477.6
488.966
574.394
467.547
524.688
563.558
26612.4
500.412
516.339
591.632
594.7
574.333
486.761
604.663
26635.5
553.475
565.794
605.876
566.434
494.7
633.96
630.251
25999.8
584.085
652.473
596.474
583.604
584.246
525.791
591.372
25934.7
566.565
551.921
545.306
493.537
554.637
535.102
522.875
24820.9
490.329
547.611
502.277
586.29
498.458
618.555
627.044
24982.7
651.691
594.55
494.449
488.014
485.097
547.521
639.703
25184.1
598.138
575.465
584.015
591.502
490.62
604.211
579.104
24922.5
507.058
582.161
544.454
525.72
508.662
595.742
586.16
26482.5
599.621
494.328
593.036
524.318
559.509
476.828
545.416
26620
527.365
487.432
570.404
473.09
633.159
472.619
492.915
26537.2
525.812
631.194
619.708
638.06
647.361
587.673
505.825
26396.3
511.668
595.531
493.216
589.628
487.543
551.34
494.529
25106.3
538.731
481.058
572.348
586.882
546.919
614.907
555.7
25660.3
510.335
501.836
496.835
536.215
486.06
477.911
496.664
26752.5
539.914
499.19
544.404
500.081
518.745
517.572
511.518
26740.3
615.497
581.118
576.007
532.917
571.757
512.38
477.019
27034.8
497.656
595.562
591.412
539.884
493.858
488.896
509.324
26627.3
527.475
557.354
579.865
539.322
595.462
479.144
597.306
26497.1
605.224
473.831
471.707
568.62
508.652
559.659
506.727
26599.6
574.053
617.974
590.24
617.542
507.188
483.563
513.813
24916.6
491.914
527.926
502.026
541.487
587.934
522.413
498.107
24972.6
499.54
488.967
480.847
587.303
576.157
602.798
603.57
24931.1
603.45
584.396
647.983
648.483
605.054
503.099
517.572
26578.3
529.93
509.524
600.173
595.051
564.951
492.494
576.298
26616.5
625.22
616.099
583.143
480.146
475.706
484.827
520.699
25286.5
595
591.774
612.11
647.07
600.483
591.151
579.204
24786.4
605.514
579.885
608.141
584.005
577.36
573.311
580.627
24960.8
578.282
587.302
576.198
574.363
485.829
491.031
555.269
26646.4
644.996
485.108
490.329
580.006
494.519
478.843
534.711
26522.8
593.737
617.132
588.996
483.554
496.714
486.722
523.055
25064.3
487.613
480.347
497.135
530.422
599.16
567.968
492.584
25523.2
505.103
499.901
578.964
616.791
632.627
579.264
617.482
13495.3
579.535
484.978
583.775
1356.18
1377.15
1364.13
1252.44
1277.41
1291.18
1324.53
1328.63
1321.3
1337.47
1301.75
1357.68
1316.66
1219.43
1306.26
1311.24
1239.38
1360.88
1282.69
1279.82
1281.61
1244.54
1290.24
1266.96
1339.61
1242.07
1271.41
1309.01
1270.7
1303.34
1325.39
1273.17
1269.46
1241.89
1308.31
1336.59
1218.76
1277.77
1326.17
1258.71
1254.39
1283.67
1241.59
1257.82
1300.46
1272.52
1295.65
1308.9
1416.24
1270.53
1259.67
1294.03
1301.97
1274.73
1308.75
1307.09
1343.89
1236.33
1216.86
1336.86
1268.2
1283.22
1281.48
1240.78
1243.81
1236.38
1238.93
1192.18
1240.5
1402.13
1282.28
1234.33
1284.92
1231.4
1279.45
1287.5
1296.79
1246.48
1278.73
1236.35
1309.84
1278.69
1259.01
1236.74
1276.59
1242.67
1259.39
1260.75
1281.42
1270.51
1249.76
1275.86
1239.46
1248.88
1255.24
1281.5
1312.72
1292.95
1242.81
1231.03
1236.27
1256.5
1289.13
1249.91
1255.15
1327.9
1354.42
1252.4
1269.41
1260.42
1293.46
1249.89
1341.41
1272.64
1269.07
1262.58
1255.74
1338.31
1304.73
1249.54
4607.47
15203.5
517.211
31840.9
522.814
30766.7
620.209
31483.3
542.009
31323.4
577.15
31007.3
578.503
26478.1
1364.01
1215.01
1311.48
1253.14
1326.58
1221.59
1331.16
1294.04
1270.22
1322.55
1301.93
1258.71
1251.23
1267.31
1224.57
1242.42
1243.14
1204.68
1227.44
1242.7
1256.67
1327.81
1245.28
1327.45
1250.54
1255.53
1251.75
1252.92
1206.05
1268.09
1234.72
1246.9
1282.25
1232.16
1235.63
1188.93
1246.98
1292.24
1266.28
1272.12
1307.05
1277.42
1245.29
1258.73
1264.9
4349.34
605.314
4604.57
8808.38
509.844
29193.7
530.041
31290.4
481.6
33041
552.222
31310.4
581.228
31218.2
493.707
1261.34
1332.06
1261.07
1311.93
1254.4
1254.53
1253.94
1298.9
1289.48
1270.17
1216.95
1244.71
1264.97
1294.39
1319.25
1254.57
1286.22
1285.78
1267.87
1258.38
1290.89
1233.26
1248.58
1257.97
1316
1318.2
1307.55
1258.78
1302.36
1268.39
1288.91
1305.67
1300.07
1290.98
1277.8
1304.29
1309.72
1296.08
1312.51
4563.25
15296.4
520.088
34510.4
519.497
34984.1
649.096
35471.8
586.32
34845.7
510.997
35094.5
500.052
35555
563.809
35357.2
576.939
33964.9
566.325
35337.6
591.874
34335
513.212
34787.3
511.689
35232.3
491.903
35627.9
628.377
36143.9
480.006
35108.7
582.763
29223.4
575.445
582.692
498.769
601.666
585.248
489.558
536.907
29420.2
504.292
573.43
620.489
496.183
567.687
483.083
561.032
29875.6
557.604
558.356
549.566
578.092
496.243
667.748
498.327
29740.5
515.557
680.478
495.772
606.056
495.291
587.042
497.005
29842.4
563.618
566.816
618.736
557.515
601.085
538.55
583.655
29656.2
550.348
608.972
488.897
656.573
552.352
545.286
484.496
29809.4
580.838
508.231
572.99
466.595
485.95
504.843
556.722
28910.9
497.857
555.55
585.699
527.094
508.752
488.977
618.144
29409.4
516.189
535.052
528.678
591.603
512.57
489.809
488.435
30085.1
654.527
516.109
552.714
594.019
571.205
498.258
521.04
29308.3
489.637
589.047
500.182
567.046
514.014
614.435
474.703
29203.2
497.787
591.733
552.042
594.97
604.302
4499.32
9152.72
591.743
27466.4
498.098
31898.6
558.517
31021.3
548.163
31129.7
494.619
31046.4
580.387
31642.2
582.752
31812.4
585.097
33279.9
527.455
32428.8
562.505
31526.3
483.013
32112.9
481.549
31210.2
482.431
31151.9
559.929
32139.6
492.846
30890.9
1361
1263.57
1306.53
1272.72
1253.42
1332.48
1286.59
1322.26
1327.49
1271.03
1245.86
1265.81
1329.71
1324.56
1319.38
1323.02
1294.78
1274.39
1262.25
1298.11
1299.66
1242.75
1301.42
1329.74
1240.72
1276.46
1286.41
1324.21
1301.75
1327.4
1337.57
1356.44
1278.09
1313.23
1298.56
1305.35
1302.6
1359.22
1263.62
1290.05
1293.93
1317.52
1294.95
1278.21
1337.24
1287.28
1319.89
1294.37
1305.6
1348.71
1297.64
1331.35
1280.59
1281.96
1318.7
1366.03
1312.57
1354.28
1230.08
1320.69
1258.82
1263.86
1317.49
1252.65
1256.95
1360.96
1244.84
1260.09
1258.97
1255.14
1268.95
1299.74
1318.59
1317.48
1367.68
1304.52
1217.68
1270.31
1304.88
1267.96
1280.76
1350.92
1258.84
1306.05
1332.86
1258.15
1346.25
1275.23
1242.36
1328.99
1339.39
1395.59
1364.28
1300.37
1352.27
1263.37
1278.86
1318.81
1290.18
1293.88
1309.18
1279.33
1280.33
1240.27
1283.92
1328.73
1328.46
1329.56
1331.34
1298.27
1343.69
1275.46
1242.04
1309.75
1315.86
1305.2
1289.27
1263.21
4390.11
11077.4
596.153
40164.4
34549.6
572.338
33298.1
479.645
32933.7
578.743
34659.2
584.877
14856.4
1247
1207.75
1259.85
1211.57
1281.43
1213.29
1204.89
1202.01
1227.61
1198.32
1228.45
1210.04
1237.24
1218.98
1221.86
1216.77
1251.82
1257.78
1260.58
1249.49
1243.48
1225.84
1299.31
1223.91
1262.98
1290.59
1227.24
1223.71
1221.74
1213.41
1315.88
1289.2
1283.25
1253.14
1200.56
1274.17
1269.67
1248.92
1252.01
1212.69
1220.7
1374.01
1263.48
25850.8
3204.98
2491.63
1767.36
9842.21
1009.51
8663.96
4695.62
537.668
33994
26263.9
570.243
32948.7
594.76
31572.8
512.561
32725.9
590.67
31767.1
489.778
32708.3
508.491
31634.4
489.538
32305.6
510.486
31318.4
584.256
33224.5
517.963
29491.6
1335.82
1226.87
1266.22
1292.92
1273.16
1290.96
1245.24
1326.11
1335.82
1221.49
1277.91
1273.26
1171.86
1334.4
1237.55
1227.39
1247.56
1258.71
1295.08
1338.71
1273.83
1273.78
1299.35
1226.92
1315.23
1247.64
1229.2
1328.54
1275.7
1286.87
1273.33
1276.48
1251.65
1333.29
1318.15
1269.97
1284.43
1271.51
1279.65
1195.82
1294.98
1309.15
1314.07
1259.21
1331.43
1258.71
1304.41
1316.84
1288.39
1320.71
1260.98
1261.15
1319.12
1314.62
1275.98
1305.38
1261.1
1257.29
1237.3
1252.37
1281.29
1290.93
1278.22
1342.4
1282.49
1312.06
1248.4
1295.41
1323.56
1301.59
1313.95
1303.69
1268.88
1389.18
1301.35
1295.71
1277.89
1333.14
1274.66
1386.72
1211.12
1330.69
1263.2
1230.18
1248.62
1250.09
1265.78
1264.16
1299.75
1283.94
1313.8
4413.41
9176.78
23070.7
25348.2
25743.8
24605.4
24742.4
24549.1
25557.4
25126.6
24406.5
6398.58
1247
1220.86
1219.25
1216.59
1176
1204.94
1239.95
1321.15
1201.48
1170.78
1176.25
1207.5
1213.91
1222.98
1201.11
1238.76
1198.16
1243.73
1141.66
1196.1
1178.78
1191.08
1266.34
1215.69
1208.98
1234.99
1203.59
1242.52
1190.66
1222.1
1209.76
1218.4
1193.61
1205.02
1234.5
1189.24
1239.74
1258.95
1245.79
1192.39
1209.62
1202.88
1216.9
1216.33
1183.21
1229.72
1213.16
1309.65
1209.94
1228.07
1295.06
1233.08
557.715
4619.1
11693.7
570.274
29728.8
655.791
31701.5
606.206
31514.4
470.533
1375.57
1314.46
1308.23
1295.41
1329.31
1304.17
1389.64
1308.46
1383.24
1315.65
1296.02
1300.51
1283.89
1314.26
1304.91
1290.2
1278.33
1316.26
1271.22
1288.91
1274.37
1289.79
1358.58
1330.07
4397.63
12087.5
586.822
30112.4
492.694
30970
603.851
31390.9
488.726
32982.5
487.954
31193.6
486.24
31552.4
493.837
25070.9
597.887
1366.35
1252.31
1315.19
1280.57
1293.31
1288.39
1301.19
1303.25
1326.38
1337.51
1317.3
1321.31
1296.64
1308.01
1279.07
1283.94
1288.44
1280.1
1273.16
1264.31
1275.57
1271.26
1314.34
1338.33
1270.89
1245.65
1243.45
1230.98
1288.84
1328.05
1333.51
1262.11
1303.55
1308.19
1311.79
1250.96
1270.57
1262.21
1290.13
1325.54
1296.18
1268.17
1281.78
1266.68
1225.85
1286.18
1339.94
1309.83
1331.29
1285.49
1266.71
1303.1
19021.4
9239.28
578.141
30868.3
25522.3
513.513
31824.3
515.698
31702.5
498.057
33011.9
590.35
32541
491.652
31050.6
497.105
31339.2
513.953
32855.6
529.63
31971.3
595.703
31464.7
586.721
32219
572.889
32121
561.273
32775.6
594.77
32040.7
495.902
31707.8
491.221
508.321
578.723
556.322
593.457
26777
567.066
567.718
561.182
581.409
540.986
546.579
27487.7
587.032
470.634
578.061
570.013
557.353
484.316
26400.1
528.527
468.209
492.203
573.872
582.842
484.767
27144.3
592.986
596.073
520.398
608.822
593.417
502.186
25887.5
481.92
576.458
578.894
575.736
482.1
554.898
26143.8
483.203
574.904
565.813
638.21
584.576
548.173
27245.1
508.121
523.987
536.486
488.876
467.226
491.953
26108.4
557.815
532.016
568.088
501.986
607.69
486.48
26400.2
500.513
594.86
592.425
580.377
581.539
607.769
27502.6
474.443
475.084
482.782
482.702
594.53
648.824
26364.9
517.543
495.802
505.976
627.897
511.448
571.356
25946.2
572.328
588.155
579.575
593.136
511.969
515.167
26662.6
500.473
490.901
593.887
540.144
616.009
505.224
27265.3
579.094
595.281
574.703
481.91
509.103
516.159
26173.7
597.476
615.317
633.459
598.628
578.372
564.34
25928.4
487.684
635.263
578.633
505.795
573.722
492.805
25940
579.745
566.655
575.416
534.391
491.973
533.199
26343.6
583.655
623.777
526.823
523.265
541.136
482.983
26717.4
604.803
539.663
581.77
482.691
606.738
541.688
26716.1
573.371
584.336
586.401
581.329
588.555
505.485
26011.8
531.053
529.64
627.907
479.665
484.757
566.024
26531.3
602.578
570.043
584.927
593.557
529.299
493.307
27460.9
484.967
486.43
613.243
509.914
486.972
495.281
27655.3
500.332
561.002
570.614
531.885
547.571
504.301
26170.4
573.651
564.41
590.991
577.6
534.15
576.829
25924.4
471.977
539.223
565.011
480.035
521.922
540.064
26097.3
569.111
531.454
600.994
510.596
500.543
511.849
25989.4
497.977
491.272
546.98
631.625
646.359
646.329
26674.4
572.127
568.239
573.25
603.59
578.151
563.748
27445.2
587.543
633.189
594.83
586.06
592.194
648.715
26210.2
517.602
517.863
508.371
504.171
503.71
479.925
26392.8
494.358
577.39
539.543
646.819
635.995
565.954
26396.6
627.465
496.914
517.121
525.08
594.289
605.716
26382.2
530.252
512.199
512.059
597.696
515.688
499.12
26158.6
606.497
578.733
593.086
543.833
549.015
569.662
26512.7
484.105
542.399
486.451
501.195
488.695
538.31
26223.5
568.96
589.548
544.464
592.275
584.857
531.655
26063.1
500.684
550.057
575.155
570.565
484.747
523.986
26305.9
543.422
513.532
497.556
506.587
539.743
540.665
26324.5
544.714
509.083
507.729
510.346
534.692
555.66
27044.4
530.993
512.23
518.253
553.314
562.756
516.439
27934.5
521.181
590.691
598.008
494.248
490.81
537.247
27278.8
556.422
542.079
504.101
486.992
570.033
508.972
28042.2
635.093
638.952
639.262
509.093
622.003
579.855
27435.7
508.942
540.405
494.108
570.194
583.805
491.613
25959.3
552.202
630.552
577.329
640.886
571.136
609.574
26263.1
608.19
628.628
634.842
553.214
547.841
490.59
25972.8
628.888
579.685
587.193
599.441
637.368
662.886
26266.6
603.961
590.781
598.449
585.399
595.983
572.448
26065.6
489.357
482.983
582.271
551.851
602.708
604.623
26746.4
644.534
628.788
624.609
602.708
608.011
615.678
29686.5
505.374
593.858
579.876
523.215
537.147
580.598
30437
580.507
540.976
617.062
570.384
562.807
630.422
30318.2
611.92
535.844
627.986
603.159
533.259
584.356
28760.6
614.295
505.775
534.872
626.123
497.597
502.597
29404.3
578.202
484.767
586.201
513.022
501.616
505.825
29829.4
565.613
604.633
530.803
556.953
558.567
605.805
30738.7
496.594
619.637
495.682
497.987
485.328
648.935
31071.1
503.599
577.942
492.404
610.636
604.663
582.532
536.014
30429.8
642.6
510.656
537.248
647.281
638.22
672.199
642.55
33110.4
509.653
532.367
572.458
622.564
603.72
596.895
30939.6
511.849
618.846
518.484
505.645
497.867
520.068
596.183
31038.9
522.644
516.6
641.718
607.289
543.251
555.881
31319.3
593.457
514.034
633.81
606.036
603.159
605.865
31278.9
598.649
594.97
512.23
493.727
502.477
561.784
31324
495.331
596.805
497.095
600.733
634.351
627.866
31070.1
569.061
604.232
622.885
502.277
496.514
509.754
31210.9
670.143
590.871
570.133
670.434
642.139
629.54
669.723
31447.7
685.198
561.884
664.029
660.963
558.907
615.959
33195.9
583.584
663.739
673.071
573.792
679.114
694.96
31514.1
549.015
587.874
532.346
625.29
547.05
609.273
31752.9
538.059
647.121
561.914
639.383
5048.55
14968.7
618.675
36864.5
543.352
35296.6
648.504
35856.5
557.334
23560.5
1434.28
1393.56
1338.74
1326.24
1336.89
1297.7
1348.85
1369
1386.29
1342.86
1323.27
1369.58
1395.37
1324.08
1331.07
1375.52
1312.14
1325.08
1362.02
1359.3
1303.09
1372.46
1390.12
1343.15
1340.95
1343.06
1352.28
1381.94
1333.96
4613.99
12526.7
529.099
33627.1
618.034
32984
612.921
34200.5
521.03
34310.6
611.699
34158.3
522.002
34335.7
615.086
36067.2
545.336
33659.2
603.56
34381.8
531.294
33920.9
519.647
34479.1
506.106
33918.1
513.884
34183.7
598.088
34325.7
520.279
34318.3
629.74
28037.6
514.756
502.788
577.771
588.265
601.456
503.129
525.43
26675
616.62
618.154
630.122
530.262
688.707
526.332
522.313
26637.6
540.435
541.738
544.986
591.984
508.552
530.051
590.871
26709.4
634.051
606.276
633.269
605.555
591.553
611.057
537.939
26821.9
589.237
649.255
617.482
525.14
636.867
608.752
525.38
26226.4
589.548
616.19
502.768
509.384
499.18
569.713
603.069
26526.9
634.972
621.091
525.14
506.106
517.582
500.302
605.093
26266.9
562.024
529.82
494.098
534.451
512.411
553.886
586.862
26530
603.951
549.706
510.535
498.237
517.161
515.026
502.578
27991.8
599.2
509.373
586.882
519.286
507.499
591.181
533.499
27908.8
538.832
607.961
577.56
604.753
517.181
526.443
615.979
26628.5
516.58
598.93
507.159
557.915
636.435
514.415
614.796
25982.5
601.535
510.756
618.885
600.834
591.202
524.107
524.949
25921
545.035
614.806
603.861
638.631
631.685
525.23
526.563
25715.1
604.963
604.413
636.456
535.664
638.511
627.927
601.385
25837.5
507.098
508.711
583.394
607.209
525.581
613.192
602.939
25789.1
620.77
604.132
618.425
547.431
553.284
518.475
616.61
26160
623.877
609.654
614.886
607.079
586.932
499.731
599.711
26130.5
508.381
551.2
609.002
637.548
533.96
554.547
600.643
26412.2
585.269
515.909
561.554
592.816
510.686
580.016
516.34
25779
522.784
565.162
507.69
602.137
613.393
535.183
539.152
25668.3
513.332
590.811
504.843
501.395
524.528
602.598
614.155
25914.4
578.773
531.073
580.447
620.008
624.97
610.216
537.539
26628.3
634.231
629.68
523.666
544.815
538.02
524.608
581.059
28250.5
499.029
515.918
523.135
526.764
613.744
611.939
616.881
28339.6
569.301
519.887
609.624
608.692
531.955
503.75
529.419
27419.7
622.925
615.928
640.525
608.983
527.315
527.655
530.813
26303.5
607.951
622.934
622.073
524.689
612.04
606.637
620.82
26418.9
509.173
605.024
538.04
510.386
512.882
589.358
519.597
26493.9
573.802
630.702
618.114
542.881
640.215
609.734
614.606
26132.9
582.181
494.589
620.9
524.658
556.301
534.181
544.374
25965.1
537.769
533.92
528.226
613.202
655.801
506.396
591.272
26281
533.91
500.814
517.582
533.81
545.376
543.562
513.873
26060.7
554.146
527.696
525.381
506.196
539.873
510.947
607.99
26945.2
542.89
513.673
559.579
513.613
606.296
601.004
596.174
26408.6
498.609
505.574
619.016
589.979
598.298
514.375
553.255
26897.7
597.466
605.575
601.415
511.468
496.965
570.644
589.087
26799
611.82
508.27
614.756
503.73
489.829
513.192
549.727
26668
590.079
578.172
518.334
503.39
526.142
499.411
511.979
27419.8
542.911
609.524
611.539
544.033
519.186
515.838
590.049
26616.2
498.709
507.239
579.464
588.235
592.484
516.45
589.388
26643.7
509.533
589.478
497.787
512.38
619.577
609.804
519.988
26560.6
605.705
509.183
534.17
515.568
504.943
554.097
594.509
27149.3
593.908
570.705
557.003
606.377
511.539
492.745
498.328
27335.1
533.559
608.732
595.652
600.423
496.925
521.862
580.777
26220.9
637.749
589.107
493.417
571.166
524.117
506.898
577.29
25659.7
548.844
568.56
507.118
544.304
531.735
548.694
492.184
26857.2
564.16
590.47
504.011
584.466
629.51
626.012
539.843
25736.5
600.584
616.69
622.163
622.344
656.222
521.511
500.513
25541.3
614.566
489.788
508.722
618.365
1755.11
517.031
567.938
26006.6
554.647
534.541
540.264
538.961
588.796
626.042
497.867
25520.6
571.086
518.695
537.548
515.878
557.985
578.663
612.931
25568.4
625.31
577.6
619.708
610.236
512.41
513.954
520.098
19376.4
532.917
573.691
514.846
603.019
618.645
607.88
509.073
18193.5
626.022
516.92
508.551
593.678
595.912
606.176
516.771
20001.3
587.654
502.768
579.515
577.07
496.674
534.18
589.327
20040.2
499.882
597.547
565.352
494.469
483.063
562.495
605.345
18239.3
505.795
545.627
571.807
587.483
573.18
509.764
500.112
19319.8
518.324
561.383
566.555
580.327
499.501
519.026
562.716
19437.6
495.211
511.96
480.838
499.901
607.039
587.303
578.042
17915.2
602.037
510.496
570.073
587.724
604.382
567.727
623.757
19128.2
569.712
486.791
491.091
582.271
487.122
522.674
590.129
20204.3
642.57
607.559
616.981
584.907
491.121
491.462
546.479
18751.3
607.68
508.531
492.454
506.396
604.352
469.722
549.385
19545.7
586.571
576.759
613.584
600.944
501.095
489.718
587.172
20404
486.22
590.761
517.813
464.359
566.404
522.663
486.401
18994.5
500.202
482.241
577.651
496.444
524.889
500.172
589.909
15243.1
599.24
610.697
494.429
612.481
495.08
1238.96
4290.92
4473.6
22357.4
598.94
33074.2
580.858
31381.4
486.861
31383.9
516.97
33255.3
574.444
32604.7
474.784
32719.8
472.067
33584.6
564.159
1312.96
1215.82
1248.33
1286.79
1318.33
1240.55
1186.03
1266.54
1250.54
1300.16
1290.63
1247.63
1265.55
1306.35
1326.52
1276.24
1281.8
1201.52
1244.6
1257.8
1344.46
1227.63
1271.91
1321.23
1289.18
1265.38
1230.14
1277.31
1265.49
1306.36
1288.52
1213.46
1248.57
1206.64
1235.57
1250.08
1265.57
1285.77
1235.71
1262.4
1233.26
1236.03
1238.59
1282.84
1232.72
1310.66
1293.21
4789.42
9754.44
524.699
33659.4
27881.2
632.928
33937.1
609.483
35030.5
650.959
33251.5
619.948
34467.5
601.576
33383.5
588.956
34176.3
564.891
33326.7
557.123
34377.5
618.335
33895
523.255
35684
625.922
33569.8
554.778
35142.5
528.697
34531.5
660.15
35543.2
573.17
533.549
597.827
560.191
591.372
27997
655.921
530.652
654.227
616.129
616.701
626.062
28262.6
612.982
588.556
599.361
618.133
518.895
549.576
29433
657.203
662.556
637.619
554.638
550.117
563.868
28790.7
519.085
639.343
637.057
570.554
623.516
551.19
29277.5
609.283
635.904
641.077
612.721
631.103
628.067
28277.3
666.094
654.587
644.554
644.966
522.974
550.007
27694.8
539.923
606.136
620.93
677.049
624.238
634.331
27368.4
660.932
674.694
629.851
635.954
619.136
518.034
27668.2
521.842
537.157
516.66
572.669
545.326
525.971
26869.6
654.718
681.169
661.895
635.083
579.024
669.172
27049.8
539.894
542.6
619.737
646.57
674.042
659.148
28187.6
557.203
613.524
645.226
591.803
540.465
631.113
28516.7
542.279
624.639
586.03
520.409
612.15
574.965
27966
636.186
646.699
620.5
584.045
579.124
619.857
28940.9
664.842
648.884
635.413
638.681
642.34
563.708
27578
692.404
608.161
622.444
618.274
642.831
646.509
27285.2
670.995
672.218
632.116
585.489
635.654
642.089
27649
637.608
653.776
641.518
593.377
537.137
618.014
28311.2
635.474
628.608
668.45
625.891
624.99
613.944
29918.7
542.781
537.147
539.874
574.083
649.606
573.38
29534.3
556.952
540.355
542.219
530.723
598.308
593.818
28078.5
620.219
633.529
596.835
613.764
626.243
598.308
27548.4
607.219
643.332
537.388
607.099
619.477
515.267
28477.7
537.859
546.408
525.18
607.008
613.152
589.728
29373.2
519.848
582.743
619.638
618.776
527.124
622.353
27433.6
622.764
633.449
548.052
589.488
507.088
624.769
28085.9
517.852
617.372
610.086
501.305
573.311
612.722
28522
585.298
525.551
604.362
501.314
512.43
586.862
27722
604.071
512.952
506.527
580.868
622.955
518.735
28142.5
526.754
625.932
636.847
538.54
526.834
534.09
29014.5
531.665
548.493
605.585
641.117
520.488
573.591
27414.1
524.378
608.522
519.708
540.475
537.618
525.19
27059
612.992
620.61
642.44
605.535
616.109
610.496
26821.6
635.384
538.861
525.129
557.514
541.096
617.322
18311
538.971
566.244
645.297
614.766
615.317
1388.53
1386.97
1325.94
1357.02
1351.55
1390.83
1344.2
1387.12
1387.91
1370.33
1340.68
1296.27
1314.16
1272.31
1259.31
1251.56
1301.38
1234.5
1243.73
1268.27
1286.67
1272.07
1301.63
1255.6
1288.9
1269.86
1255.54
1250.38
1286.49
1211.78
1245.24
1235.54
1324.41
1302.63
1349.55
1305.59
1355.32
1373.43
1366.92
1389.74
1397.47
1368.56
1387.75
1338.69
1367.36
1392.85
1331.64
1295.64
1270.84
1280.99
1281.64
1312.46
1277.74
1331.39
1308.8
1309.67
1355.33
1264
1283.17
1326.97
1261.52
1340.43
1314.55
1247.81
1272.21
1314.07
1273.11
1248.33
1259.7
1296.23
1283.81
1278.59
1291.32
1298.62
1260.89
1282.16
1291.65
1352.35
1271.02
1336.62
1257.83
1320.28
1309.13
1310.12
1314.16
1341.07
1336.61
1291.22
1373.88
1247.31
1299.17
1286.54
1278.16
1333.8
1247.54
1275.53
1354.19
1296.79
1253.96
1300.13
1319.05
1312.11
1312.39
1296.42
1374.05
1344.85
1362.88
1291.23
1275.12
1427.4
1368.98
1277.33
1287.79
1289.54
1293.1
1276.41
1267.46
1324.6
1305.52
4573.21
22811.8
4628.57
519.336
27384.2
694.189
1335.09
1331.73
1255.16
1293.14
1273.24
33353.6
52657.7
11690.6
11696.1
21144
17004.6
26339.3
45934.4
32593
581.179
32939.5
610.687
32695.8
581.61
32786.6
582.381
33234.3
595.251
33671.9
499.11
33635.8
490.32
33216.1
486.801
33520.4
583.154
33225.5
500.714
33148.8
510.756
33070.5
585.529
32784.5
596.534
33565
583.795
26937.6
497.206
490.68
609.473
496.724
486.16
548.193
588.124
26453.9
604.051
616.37
506.306
557.805
520.68
547.251
619.738
24955.6
488.816
568.299
563.227
583.444
534.251
489.177
24917.7
603.47
522.323
511.658
619.928
614.265
588.355
612.49
24965.8
499.771
581.309
597.998
518.945
498.298
544.193
569.733
25420.2
508.852
557.585
601.065
597.206
514.565
515.477
608.882
11710.5
587.283
590.55
505.394
1286.22
1289.34
1324.92
1221.3
1273.53
1364.32
1310.82
1319.85
1352.24
1265.38
1327.93
1306.77
1315.5
1358.94
1297.5
1370.97
1280.89
1314.12
1265.71
1285.77
1301.53
1265.27
1270.09
1299.29
1371.93
1292.78
1267.77
1303.8
1355.57
1234.19
1270.25
1318.71
1301.97
1276.81
1303.65
1302.2
1308.78
1296.36
1283.34
1462.74
1349.99
1351.77
1459.98
1413.75
1511.27
1337.21
1415.09
1450.9
1362.78
1369.19
1373.32
1363.4
1330.15
1296.63
1302.74
1365.17
1284
1250.24
1249.91
1283.53
1354.45
1327.08
1326.34
1331.68
1230.71
1227.66
1316.76
1253.31
1236.69
1349.85
1286.55
1303.56
1276.18
1257.61
1282.23
1276.78
1263.82
1253.31
1270.54
1388.05
1277.06
1249.27
1273.02
1304.84
1278.86
1229.46
1336.01
1281.98
1302.86
1258.89
1263.81
1375.83
1304.63
1293.5
1389.37
1325.23
1276.9
1267.83
1230.52
1235.66
1232.48
1289.34
1344.51
1329.7
1221.3
1306.74
1267.33
1271.17
1218.34
1255.7
1255.18
1315.95
1275.48
1266.24
1244.99
1252.22
1193.36
1245.31
1267.96
37178.5
18077.9
46774.1
31404.2
24622.3
38171
32971.7
34345.3
549.465
34066.5
545.667
34219.8
627.395
34392.2
593.768
34210.4
534.962
31194.6
1414.85
1274.46
1337.03
1330.51
1375.06
1289.92
1423.75
1327.77
1258.06
1350.91
1352.57
1289.91
1341.55
1279.01
1292.65
1308.25
1266.45
1347.47
1255.37
1343.47
1285.07
1343.99
1310.2
1316.36
1391.12
1325.78
1301.57
1292.91
1314.85
1351.74
1333.56
1340.63
1360.46
1383.17
1439.47
1389.43
1364.47
1348.47
1388.53
1315.22
1248.51
1262.72
1272.22
1302.89
1298.43
1314.93
1308.33
1245.07
1265.76
1285.03
1358.74
1289.98
1320.67
1375.84
1331.9
1354.23
1350.86
1270.7
1342.86
1316.05
1309.82
1324.23
1326.69
25802.2
22537.3
28612.1
35147.9
16244
26743.4
5411.91
5038.91
969.964
39501
14605.3
26835.1
16606.8
30419.1
619.748
34495
499.511
33745.6
605.525
33049.1
528.067
1283.44
1366.43
1432.79
1325.18
1370.49
1312.46
1394.66
1327.88
1325.16
1305.05
1413.34
1290.09
1382.77
1319.25
1275.08
1307.11
1361.08
1360.21
1353.84
1333.35
1409.89
1385.72
1317.71
1371.32
1402.59
1341.25
1340.62
1527.31
1382.79
1585.01
1347.4
33788.2
16900.6
25324.2
33500.2
35089.9
600.092
32293.5
1319.81
1349.52
1321.85
1340.51
1313.6
1414.94
1406.25
1340.28
1380.28
1343.67
1356.29
1340.48
1371.49
1353.8
1303.24
1332.14
1338.52
1374.11
1367.5
1317.82
1313.39
29394
17402.8
25271.7
35637.2
662.365
33742.1
660.882
34825.4
644.625
34899.9
626.794
34834
654.588
34218.3
548.162
33589.9
627.726
1372.82
1339.8
1324.13
1306.97
1304.59
1345.05
1284.02
1392.05
1295.5
1318.98
1304.99
1351.13
1303.15
1310.04
1333.49
1323.19
1305.19
1418.5
1312.62
1318.05
1303.16
1297.81
1354.13
1286.56
1406.77
1291.36
1326.6
1346.53
1352.94
1412.73
1350.83
1383.96
1292.32
1316.49
1361.68
1273.36
1284.71
1299.75
1335.09
1427.54
1471.65
1351.75
1308.9
1351.42
1336.73
1345.44
1390.93
1287.38
1297.43
1304.36
1377.6
1312.12
1346.21
1308.39
1340.8
1311.03
1356.07
1300.33
29774.9
11100.7
22113.4
33070.6
28008.7
625.912
34576
536.035
33287.2
678.362
1333.89
1319.77
1302.95
1380.55
1401.38
1309.24
1290.84
1383.64
1291.45
1324.32
1284.41
1377.4
1343.56
1421.61
1289.3
1321.14
1290.02
1365.27
1282.18
1361.35
1368.56
1317.38
1359.64
1290.48
1313.35
1378.1
1314.92
1288.3
1327.29
28596.6
18457.1
20671.6
38603.3
609.604
33022.6
594.99
33762.5
602.939
33305.1
507.078
33544.3
669.252
33859.8
539.753
34533.1
544.404
34173.2
562.596
33648
600.062
33551.6
529.018
33655.3
537.748
33209.1
524.087
33485.3
627.064
1246.38
1279.62
1280.64
1241.47
1248.86
1309.09
1291.85
1263.87
1249.65
1342.67
1261.7
1294.6
1293.23
1237.53
1278.38
1302.21
1271.7
1295.8
1274.57
1269.16
1330.44
1299.25
1270.76
1275.9
1332.81
1306.12
1254.08
1327.94
1288.82
1288.38
1321.14
1286.25
1259.52
1303.54
1274.2
39752
17224.4
24283.2
34313.4
27238.7
592.495
33920.8
547.632
18116.1
1352.46
1292.29
1360.47
1304.96
1293.6
1370.86
1350.3
1307.87
1263.71
1301.16
1302.37
1288.01
1270.72
1301.06
1357.71
1369.79
1376.62
1307.34
1279.76
1297.54
1297.43
1334.7
1284.38
1281.6
28746.3
10921.7
19180.8
550.639
40246.4
576.538
34812.5
616.59
34807.2
607.79
34597.4
525.861
35189
501.094
35036.7
642.95
34723.4
691.072
35002.5
583.123
34688.4
631.033
35246.5
533.98
33853.2
522.273
34782.3
515.447
35631.7
600.162
36362.3
523.145
35717.4
608.813
30387.7
522.854
696.414
611.849
519.757
645.307
632.847
523.747
29714.7
600.513
509.594
602.649
529.831
511.939
613.563
607.82
28869.9
619.036
622.314
538.601
521.2
510.917
497.476
602.808
33168.7
611.368
593.286
599.601
612.34
611.579
508.822
605.935
33240.8
630.703
594.54
613.223
625.821
612.18
609.173
601.215
32613.8
520.81
523.226
505.494
658.397
581.83
683.674
604.833
32531.5
538.971
623.275
488.425
508.882
507.971
596.544
484.476
32098.3
587.363
581.529
509.413
507.93
642.26
488.495
477.119
16515.3
499.822
569.993
685.399
1226.79
1216.7
1247
1219.65
1250.46
1204.91
1238.98
1272.14
1250.23
1199.9
1289.84
1216.73
1286.86
1249.92
1221.88
1191.21
1251.07
1228.14
1271.36
1289.51
1246.22
1369.03
1323.3
1220.72
1275.46
1258
33766.8
31697.4
16002.6
20492.3
34304.9
678.623
21910
1419.32
1380.4
1323.67
1520.22
1435.81
1377.21
1358.09
1291.01
1289.69
1272.82
1305.28
23408.6
41963.5
5094.32
5412.58
1765.35
17466.1
18684.3
3548.74
45301.7
16503.4
23735.3
57295.5
36455
632.917
35264.9
640.395
35465.9
634.872
36064.8
690.43
36033.4
666.285
36707.4
657.776
1352.81
1352.3
1370.02
1387.42
1358.84
1445.2
1308.55
1324.9
1437.97
1316.9
1321.15
1278.77
1285.87
1284.73
1316.78
1338.86
1294.08
1270.19
1289.82
1316.51
1314.23
1321.36
1281.05
1301.15
1309.19
1331.99
1272.82
1312.83
1269.58
1293.84
1351.94
1345.5
1361.77
1327.06
1282.64
1355.09
1347.1
1334.82
1362.35
1275.81
1251.26
1254.22
1300.71
1302.42
1286.28
1402.77
1353.96
1287.52
1319.67
1263.42
1325.51
1280.45
1285.42
1280.49
1345.5
1176.84
28765.4
12715.8
31780.8
15115.5
22321.1
536.626
42130.9
34086
652.393
33917.4
574.854
34263.3
613.122
30416.4
1294.31
1340.01
1255.9
1302.82
1317.31
1272.05
1292.44
1270.77
1292.18
1318.45
1308.01
1290.98
1318.4
1321.58
1392.39
1282.83
1268.93
1325.91
1288.59
1268.21
1267.67
1312.53
1283.93
1357.82
1372.61
1282.11
1302.43
1332.54
1278.53
1342.15
1303.7
1318.59
1298.4
1303.09
1316.89
1309.12
1310.65
1317.28
1284.36
29699.8
12774
21256
33302.5
520.298
34460.2
627.786
33568.3
508.651
33408
624.529
33392
611.558
34585.5
605.615
32998.1
615.889
14012
1274.11
1298.61
1280.09
1305.95
1344.58
1300.68
1305.4
1298.09
1297.78
1267.8
1258.57
1315.93
1283.48
1276.01
1270.37
1313.24
1290.23
1297.81
1313.32
1311.16
1318.34
1256.22
1280.06
1331.43
1308.19
1310.19
1282.84
1307.01
1294.96
1300.89
1334.53
1383.26
1336.19
1283.12
1284.43
1342.9
1410.48
1231.13
1238.87
1373.97
1257.39
1310.25
1349.45
1240.82
1316.38
1298.5
1287.73
1353.74
1269.9
1282.89
1312.14
1313.89
1289.24
1295.63
1284
1327.66
1373.51
27413.7
13502.1
24758.7
29298.7
1376.38
1348.53
1420.69
1315.46
16613.4
11748.5
533.89
31717.3
25173.5
1308.93
1314.83
1318.88
1331.16
1326.24
1297.18
1314.97
1297.94
1334.27
1243.88
1264.68
1276.38
15807.1
19393.8
17987.7
22367.3
36957.7
531.614
33575.9
633.249
33710.8
1285.07
1315.86
1296.42
1404.93
1285.15
1304.02
1284.38
1329.93
1273
1294.18
1297.51
1285.05
1298.23
1305.33
1325.83
1389.02
1269.35
1272.84
1303.36
1355.95
1297.02
1335.89
18701.5
13402.5
19509.9
583.554
39234.6
34542.3
655.35
34762.3
534.502
34289.3
561.784
34696.4
537.929
34100
625.23
35569.2
544.995
35626.8
614.125
35732.7
619.537
34579
619.367
34507.5
636.306
35741.4
542.991
35829.6
650.057
33828.1
614.004
33814.1
633.118
29057.6
550.428
522.553
519.978
531.795
526.332
606.176
630.652
17871.3
632.226
637.178
547.772
628.698
1363.65
1329.13
1276.92
1399.5
1282.34
1334.71
1267.92
1289.18
1287.63
1313.6
1351.08
1348.4
1309.73
1313.21
1323.42
1363.41
1327.95
1370.88
4708.4
20588.4
642.35
47059.2
27559.2
624.939
34595.1
534.611
33410.6
560.21
33752.7
615.428
1311.51
1308.39
1322.73
1403.35
1294.34
1314.87
1353.05
1383.07
1274.63
1289.58
1320.04
1431.83
1300.94
1308.15
1306.02
1322.17
1294.73
1318.11
1437.74
1306.02
1298.25
1294.34
1307.85
1290.96
1337.51
1328.73
1289.78
1372.1
1316.47
1383.84
1409.55
1379.97
1321.57
1446.32
1335.73
1299.91
43507
3217.98
2529.6
2111.85
17031.1
15951.7
19335.1
655.61
35270
26252.7
508.511
11252.6
1405.8
1445.8
1283.58
1301.05
1318.1
1296.98
1287.65
1379.97
1267
1306.67
1345.51
1299.58
1317.98
1250.37
18371.6
22900.5
29634.5
96260.5
35059.8
33848.6
615.167
34867.9
515.437
33690.6
568.94
33449.8
551.13
33189.5
520.379
33698.7
498.518
32365
560.431
32048.2
604.422
32233.4
612.881
32384.1
605.484
32270.3
509.213
32583.9
600.944
33059.9
509.804
26356.2
507.74
600.563
561.133
530.372
612.23
605.545
517.933
25984.6
511.849
606.026
518.835
497.456
622.804
580.257
507.119
26788.9
505.424
600.944
503.911
508.151
593.577
511.327
616.46
26923.4
514.715
611.128
533.188
589.629
618.585
556.793
504.672
27971.9
527.576
512.26
507.449
498.739
566.104
575.827
623.837
27501.8
521.592
514.054
567.447
645.557
504.031
509.774
571.626
25509.9
511.238
598.118
607.379
597.136
513.112
610.927
520.028
623.456
1292.1
1264.98
1289.39
1247.78
1259.75
1343.84
1243.9
1262.77
1250.52
1272.71
1299.06
1274.21
1315.01
1309.58
1297.55
1306.98
1330.85
1293.86
1342.87
1280.27
1359.2
1283.49
1282.46
1324.8
1264.32
1295.62
1241.05
1309.29
1228.56
1222.21
1242.89
1292.66
1284.66
1329.96
1313.2
1339.12
1317.58
1294.73
1307.69
1331.29
1306.17
1286.4
1310.59
1289.4
1294.1
1304.31
1313.75
1313.79
1311.96
1304.21
1311.4
1328.71
1286.21
1271.61
1346.3
1294.95
1304.73
1333.05
1306.09
1257.38
1303.85
1276.79
1328.42
1326.28
1307.96
1304.13
1319.89
1284.93
1280.96
1262.6
1247.86
1278.26
1313.94
1241.42
1258.51
1264.6
1292.86
1293.44
1302.76
1321.04
1417.69
1226.83
1226.9
1291.23
1296.8
1284.81
1293.16
1268
1287.99
1294.41
1286.88
1293.36
1268.62
1277.81
1301.57
1270.48
1305.19
1294.81
1285.23
1294.97
1286.53
1316.85
1348.76
1284.09
1257.04
1251.47
1265.75
1316.08
1261.68
1312.9
1279.78
1291.57
1237.82
1279.91
1289.18
1287.33
1312.39
1340.75
1312.64
